R,T
1,76479.509410
2,38393.327140
3,26111.158390
4,20445.659830
5,17414.296790
6,15645.362120
7,14569.409620
8,13870.075880
9,13434.779060
10,13079.327210
11,12838.602530
12,12641.421010
13,12554.721680
14,12424.944500
15,12350.371200
16,12277.745750
17,12280.849960
18,12175.548600
19,12139.071820
20,12159.016760
21,12121.115730
22,12133.754950
23,12108.673270
24,12064.947480
25,11998.337730
26,12033.535010
27,11977.773600
28,12032.968590
29,12023.443840
30,12001.561840
31,12013.638730
32,11982.986890
33,11978.303600
34,11957.637310
35,11999.057550
36,11969.555040
37,11984.418610
38,12013.237240
39,11948.210180
40,11972.510120
41,12013.792940
42,11917.794260
43,11975.392430
44,11943.966130
45,12006.413860
46,11954.016590
47,11921.223200
48,11881.997380
49,11949.492310
50,11951.214260
51,11915.375380
52,11915.656700
53,11904.712140
54,11897.900310
55,11908.087820
56,11907.741080
57,11931.764570
58,11952.154870
59,11907.222740
60,11936.824410
61,11887.864290
62,11951.598670
63,11922.963210
64,11867.819850
65,11928.157950
66,11982.859090
67,11928.683280
68,11877.819370
69,11857.990970
70,11869.625780
71,11884.339740
72,11928.790680
73,11909.768880
74,11945.150320
75,11920.668050
76,11880.585110
77,11882.800230
78,11930.520920
79,11855.452200
80,11865.184770
81,11840.776070
82,11933.810580
83,11901.442240
84,11833.996780
85,11849.674780
86,11894.588330
87,11847.586800
88,11863.899910
89,11871.582850
90,11871.987950
91,11790.147230
92,11842.374140
93,11869.081240
94,11858.723620
95,11893.111140
96,11886.134570
97,11855.288190
98,11904.502180
99,11901.617610
100,11883.147190
101,11851.560840
102,11861.262420
103,11874.047320
104,11840.142820
105,11824.637640
106,11811.015590
107,11797.178270
108,11847.495960
109,11840.381100
110,11808.793100
111,11831.931930
112,11825.909970
113,11832.248810
114,11839.622670
115,11835.831410
116,11825.653710
117,11788.613760
118,11786.780340
119,11794.463750
120,11840.646140
121,11803.315550
122,11804.826510
123,11756.523560
124,11825.718600
125,11816.569430
126,11810.873370
127,11773.998660
128,11811.128230
129,11764.082020
130,11788.525480
131,11826.983170
132,11793.961610
133,11794.053130
134,11747.357590
135,11810.037520
136,11747.930460
137,11784.581970
138,11781.459110
139,11774.356460
140,11793.892410
141,11817.563730
142,11806.282630
143,11810.222640
144,11794.270160
145,11742.793430
146,11797.760910
147,11806.261640
148,11767.533910
149,11809.505770
150,11696.247210
151,11770.772990
152,11763.819540
153,11787.748530
154,11757.100780
155,11799.898180
156,11719.042480
157,11757.260940
158,11774.511040
159,11754.182380
160,11740.484590
161,11729.066240
162,11745.227010
163,11766.970750
164,11703.099550
165,11711.039440
166,11759.848980
167,11778.403580
168,11716.398990
169,11769.695460
170,11721.285450
171,11716.372880
172,11733.125620
173,11708.982750
174,11748.455810
175,11716.625440
176,11721.211860
177,11731.534540
178,11738.394860
179,11731.346760
180,11798.171070
181,11715.164710
182,11756.560140
183,11719.048180
184,11753.644130
185,11663.442130
186,11731.772110
187,11745.104760
188,11717.414290
189,11684.285470
190,11701.534110
191,11748.785220
192,11700.034960
193,11680.892930
194,11717.704920
195,11688.271310
196,11718.837100
197,11709.895840
198,11670.963440
199,11725.627120
200,11665.720240
201,11723.128220
202,11728.890890
203,11683.959800
204,11657.422230
205,11711.832130
206,11709.638060
207,11714.226050
208,11657.214090
209,11634.160500
210,11679.360020
211,11641.897010
212,11632.502600
213,11644.340560
214,11628.075250
215,11645.872430
216,11701.183040
217,11671.063120
218,11616.480650
219,11660.526470
220,11638.196920
221,11675.830770
222,11662.521620
223,11689.043950
224,11706.547180
225,11660.448480
226,11652.143930
227,11660.681470
228,11674.427960
229,11637.822850
230,11649.189490
231,11690.528970
232,11605.119810
233,11631.625790
234,11673.933570
235,11644.142160
236,11611.314580
237,11655.724760
238,11644.543480
239,11638.865070
240,11661.059820
241,11650.756310
242,11681.193890
243,11630.251600
244,11651.353620
245,11614.266780
246,11618.375920
247,11607.676210
248,11630.798220
249,11621.825350
250,11608.146440
251,11616.712820
252,11620.335020
253,11597.589360
254,11609.285740
255,11615.744370
256,11663.729670
257,11604.109710
258,11566.146530
259,11629.059410
260,11555.594020
261,11615.070410
262,11609.049640
263,11598.555980
264,11603.433810
265,11619.003940
266,11586.026730
267,11603.885020
268,11614.783530
269,11559.384880
270,11569.136980
271,11580.209350
272,11600.178890
273,11565.747350
274,11553.053200
275,11567.705420
276,11628.398770
277,11626.985930
278,11590.407560
279,11630.582720
280,11582.006810
281,11584.759970
282,11569.643580
283,11596.687100
284,11538.337170
285,11563.021020
286,11585.314290
287,11539.944780
288,11551.201970
289,11512.303040
290,11538.796850
291,11523.834250
292,11550.495540
293,11569.732200
294,11589.222090
295,11576.552830
296,11565.497580
297,11567.139170
298,11503.873050
299,11541.951400
300,11567.381570
301,11488.125200
302,11592.595220
303,11556.726590
304,11539.391810
305,11559.156780
306,11563.403740
307,11566.391440
308,11525.474550
309,11521.621650
310,11522.378530
311,11558.064990
312,11547.639270
313,11527.727890
314,11518.766740
315,11548.028330
316,11493.754690
317,11576.215570
318,11560.106170
319,11556.334600
320,11510.967620
321,11525.219960
322,11539.261920
323,11505.932030
324,11501.947490
325,11515.015870
326,11518.934670
327,11515.623440
328,11517.678010
329,11497.620740
330,11510.324440
331,11491.593820
332,11513.234640
333,11465.036260
334,11483.052640
335,11519.918170
336,11480.912020
337,11462.503440
338,11478.759640
339,11448.121420
340,11451.933460
341,11487.129320
342,11468.509420
343,11442.115720
344,11534.869340
345,11472.307210
346,11485.321460
347,11461.476150
348,11489.062930
349,11433.402120
350,11501.298020
351,11535.852120
352,11497.316370
353,11495.881200
354,11433.109800
355,11450.362570
356,11442.118920
357,11548.073260
358,11491.648340
359,11480.554590
360,11432.767260
361,11460.969520
362,11447.528760
363,11418.674890
364,11486.339810
365,11444.083070
366,11494.952770
367,11447.536330
368,11476.299440
369,11477.484510
370,11481.704870
371,11421.534390
372,11433.901460
373,11441.849450
374,11477.726840
375,11402.756090
376,11522.068390
377,11464.589120
378,11395.349500
379,11412.406140
380,11381.135230
381,11410.910320
382,11411.072520
383,11403.157160
384,11435.371020
385,11446.108650
386,11443.443030
387,11454.495360
388,11385.329320
389,11425.518500
390,11411.110110
391,11422.313830
392,11422.840010
393,11433.055000
394,11404.421930
395,11408.774880
396,11402.637190
397,11432.649470
398,11380.794940
399,11394.067560
400,11447.260180
401,11434.114370
402,11427.111840
403,11370.238310
404,11362.913510
405,11438.267470
406,11372.232910
407,11405.545130
408,11384.529490
409,11386.750030
410,11415.004840
411,11370.292070
412,11392.223150
413,11359.294190
414,11398.365600
415,11382.593510
416,11348.175180
417,11438.243270
418,11355.117360
419,11417.346290
420,11403.278340
421,11321.866170
422,11358.082850
423,11418.728690
424,11343.951660
425,11363.436160
426,11384.225130
427,11357.759050
428,11336.143260
429,11392.310930
430,11331.521460
431,11343.681980
432,11342.870590
433,11367.194350
434,11322.467750
435,11332.754720
436,11326.150680
437,11351.630310
438,11341.855370
439,11349.940920
440,11338.759430
441,11332.657630
442,11370.044140
443,11336.752030
444,11369.852070
445,11319.156450
446,11328.156240
447,11345.056480
448,11316.525930
449,11315.559300
450,11292.095020
451,11272.625990
452,11293.123790
453,11319.811190
454,11332.870310
455,11287.637060
456,11363.845850
457,11327.259320
458,11313.043470
459,11334.363200
460,11338.922570
461,11294.984640
462,11298.059050
463,11327.954780
464,11328.602630
465,11313.168420
466,11282.928950
467,11294.424820
468,11274.608230
469,11293.302340
470,11338.926560
471,11306.362260
472,11303.376790
473,11268.420730
474,11267.602690
475,11259.296600
476,11214.914210
477,11272.764500
478,11269.723930
479,11315.995570
480,11316.706990
481,11261.322690
482,11262.307750
483,11276.321110
484,11318.562670
485,11289.119590
486,11218.835680
487,11316.061470
488,11289.574060
489,11277.042850
490,11259.134460
491,11303.756220
492,11301.839890
493,11233.606510
494,11292.591890
495,11247.143960
496,11297.387050
497,11235.765800
498,11218.125280
499,11304.442610
500,11231.933600
501,11250.366270
502,11287.682760
503,11176.381970
504,11268.210140
505,11248.344310
506,11219.873600
507,11266.498320
508,11229.325660
509,11247.941470
510,11252.617440
511,11217.895440
512,11187.294480
513,11257.586070
514,11237.020480
515,11258.341840
516,11215.183180
517,11227.159420
518,11255.354240
519,11251.613890
520,11238.472270
521,11278.190140
522,11249.822910
523,11201.036500
524,11215.238510
525,11257.353070
526,11214.610320
527,11213.771510
528,11227.863220
529,11245.115400
530,11189.066880
531,11255.397260
532,11278.178690
533,11174.271260
534,11241.194690
535,11194.369310
536,11156.340750
537,11189.010050
538,11198.937520
539,11191.300900
540,11173.442510
541,11164.445890
542,11176.346510
543,11193.944990
544,11188.056240
545,11240.164500
546,11176.635510
547,11178.833170
548,11205.473280
549,11154.336860
550,11145.566090
551,11205.347760
552,11170.723200
553,11109.092950
554,11189.712000
555,11146.515560
556,11178.288410
557,11143.090270
558,11173.944360
559,11196.846680
560,11165.329930
561,11133.018200
562,11193.183570
563,11155.562230
564,11170.396460
565,11102.997070
566,11144.975680
567,11091.657650
568,11157.007570
569,11158.069090
570,11163.746950
571,11191.873530
572,11140.117750
573,11160.230660
574,11130.098560
575,11155.058340
576,11130.010520
577,11073.513020
578,11096.017500
579,11145.545750
580,11128.170210
581,11083.412830
582,11090.339380
583,11116.286340
584,11116.203290
585,11184.897580
586,11122.615060
587,11119.560240
588,11118.783270
589,11083.315650
590,11079.500480
591,11106.292690
592,11120.746330
593,11060.098720
594,11048.645660
595,11110.628990
596,11127.157260
597,11136.071810
598,11105.248060
599,11079.357860
600,11108.401990
601,11049.745160
602,11131.234350
603,11094.801320
604,11072.674020
605,11102.833770
606,11120.418210
607,11082.295810
608,11061.918190
609,11085.858340
610,11077.880750
611,11077.501390
612,11118.115800
613,11092.209950
614,11077.575770
615,11027.001540
616,11067.823090
617,11067.982230
618,11041.393210
619,11046.084840
620,11061.925620
621,11055.711300
622,11059.919030
623,11097.453620
624,11023.487770
625,11000.843060
626,11056.652910
627,11051.197680
628,11031.533290
629,11091.446310
630,11045.152870
631,11041.232890
632,11023.621800
633,11027.645640
634,11064.499170
635,11043.821820
636,11042.305920
637,11054.697500
638,11022.820050
639,11018.240600
640,11008.426360
641,11029.116220
642,11004.236270
643,11058.586120
644,11072.668750
645,11069.046130
646,11015.090330
647,11023.188920
648,11028.264890
649,11075.696940
650,11016.785910
651,11036.142810
652,11035.481570
653,11027.599050
654,11000.963830
655,11019.915380
656,11021.623200
657,11084.533450
658,10992.428500
659,11045.885490
660,11062.465530
661,10987.370230
662,11000.466520
663,11022.374320
664,11022.859260
665,10985.572190
666,10968.794020
667,11009.144120
668,11013.084500
669,10964.505680
670,10973.444640
671,10981.852110
672,11007.888280
673,11015.359190
674,11000.575380
675,11008.316010
676,11019.595920
677,10986.435420
678,11007.963820
679,11013.758120
680,10979.476110
681,10970.867620
682,10989.947660
683,10992.098960
684,11030.880400
685,11023.763460
686,10962.173770
687,10955.294070
688,10972.144670
689,10994.964290
690,10992.705790
691,11013.888570
692,10962.898350
693,10983.379750
694,10956.020810
695,10904.882170
696,10925.754840
697,10987.531340
698,11005.006480
699,10969.492910
700,10955.713970
701,10988.204130
702,10966.670920
703,10941.886330
704,10929.919320
705,10949.204100
706,10917.083580
707,10941.155310
708,10893.543200
709,10961.852710
710,10909.716290
711,10917.544540
712,10993.637310
713,10924.940230
714,10890.051910
715,10928.900930
716,10930.015380
717,10927.464820
718,10957.307870
719,10926.689350
720,10907.309520
721,10885.123380
722,10941.345930
723,10897.671490
724,10877.415540
725,10889.009050
726,10959.597260
727,10902.301820
728,10892.722900
729,10877.385640
730,10921.746490
731,10875.592030
732,10913.275910
733,10896.260710
734,10891.993420
735,10920.465990
736,10880.233890
737,10953.980410
738,10916.333590
739,10922.804480
740,10883.974920
741,10892.924670
742,10867.425570
743,10902.419490
744,10901.508690
745,10886.807530
746,10860.241540
747,10820.525720
748,10885.710480
749,10844.666730
750,10889.723260
751,10867.731640
752,10865.471090
753,10863.391060
754,10893.333120
755,10877.870710
756,10893.136760
757,10895.151130
758,10857.522410
759,10833.402320
760,10774.121060
761,10866.216730
762,10893.604170
763,10833.174410
764,10899.199280
765,10847.306320
766,10861.342280
767,10824.147290
768,10837.113840
769,10844.569490
770,10858.548920
771,10863.294310
772,10859.805110
773,10852.424620
774,10798.812610
775,10824.651530
776,10888.254160
777,10839.282120
778,10833.287580
779,10785.126620
780,10859.279120
781,10845.475840
782,10805.048240
783,10841.409450
784,10845.644850
785,10794.553460
786,10820.478680
787,10817.739030
788,10828.889350
789,10793.676770
790,10834.353000
791,10788.497820
792,10819.129930
793,10802.263300
794,10802.433070
795,10770.587780
796,10787.455090
797,10809.578840
798,10791.202100
799,10806.906490
800,10794.151550
801,10779.274200
802,10757.074090
803,10804.777350
804,10803.575050
805,10817.800080
806,10756.456110
807,10812.947770
808,10796.081650
809,10783.639670
810,10821.251710
811,10741.265190
812,10795.488470
813,10776.471070
814,10742.549530
815,10733.831710
816,10770.030570
817,10757.785780
818,10798.684260
819,10737.474470
820,10742.417940
821,10800.676980
822,10781.452530
823,10762.795550
824,10788.848760
825,10775.166130
826,10758.958020
827,10756.595710
828,10761.848260
829,10785.519680
830,10766.287330
831,10777.102290
832,10739.841760
833,10739.774150
834,10719.878450
835,10774.055060
836,10737.023560
837,10765.508310
838,10702.707990
839,10763.136090
840,10778.694560
841,10736.101390
842,10759.624790
843,10745.687470
844,10752.624100
845,10732.291280
846,10707.232020
847,10729.301110
848,10739.890810
849,10711.664480
850,10738.574430
851,10727.786840
852,10713.548400
853,10718.540740
854,10736.931550
855,10677.069410
856,10706.572770
857,10752.025730
858,10723.434680
859,10695.869420
860,10754.678620
861,10670.389140
862,10685.133130
863,10707.053370
864,10701.725330
865,10719.483960
866,10725.729230
867,10697.115000
868,10683.821670
869,10663.507600
870,10708.296140
871,10672.986500
872,10658.793020
873,10700.777990
874,10681.011530
875,10709.024690
876,10675.366960
877,10666.381230
878,10650.735770
879,10662.947990
880,10687.535190
881,10712.310500
882,10659.061540
883,10714.041760
884,10640.394280
885,10640.318490
886,10686.849450
887,10637.765090
888,10666.352690
889,10697.763550
890,10652.566260
891,10660.012270
892,10697.130350
893,10698.249520
894,10671.881430
895,10724.415630
896,10651.833570
897,10603.378020
898,10693.653950
899,10703.523510
900,10616.824680
901,10676.935270
902,10620.454250
903,10621.127530
904,10624.986940
905,10650.578740
906,10641.464490
907,10618.968640
908,10667.219470
909,10641.326890
910,10648.002710
911,10625.338140
912,10637.214750
913,10620.302160
914,10640.869720
915,10656.435690
916,10659.744490
917,10636.526740
918,10640.727090
919,10598.235420
920,10615.340390
921,10642.055430
922,10648.166690
923,10559.865990
924,10596.180790
925,10605.669610
926,10598.787210
927,10598.767340
928,10594.076100
929,10637.197070
930,10618.092270
931,10586.136590
932,10605.264360
933,10610.258420
934,10609.329550
935,10606.518270
936,10596.044030
937,10606.461600
938,10606.161520
939,10605.601990
940,10586.169640
941,10550.142620
942,10581.426640
943,10593.104020
944,10581.647510
945,10578.080700
946,10553.131450
947,10582.747490
948,10595.306040
949,10611.622520
950,10560.046010
951,10541.775670
952,10574.677350
953,10588.839960
954,10540.314670
955,10559.146520
956,10575.258680
957,10530.889420
958,10531.611830
959,10530.799680
960,10563.322210
961,10570.695620
962,10556.532290
963,10557.270330
964,10555.164380
965,10497.560410
966,10553.149900
967,10567.005630
968,10555.909040
969,10542.567700
970,10515.225400
971,10523.770450
972,10558.902410
973,10527.678570
974,10554.550200
975,10573.360060
976,10520.104580
977,10531.020280
978,10562.035100
979,10523.854250
980,10523.825710
981,10546.450380
982,10521.793750
983,10530.722160
984,10494.944970
985,10527.162450
986,10481.352130
987,10551.932410
988,10550.548650
989,10473.304460
990,10542.121260
991,10502.887180
992,10529.531890
993,10485.160810
994,10506.276220
995,10522.292030
996,10524.674610
997,10544.776250
998,10508.211100
999,10486.643260
1000,10486.119030
1001,10449.925820
1002,10519.064580
1003,10516.255530
1004,10455.428490
1005,10513.394720
1006,10465.855050
1007,10520.332800
1008,10490.190090
1009,10507.473770
1010,10477.387070
1011,10524.594100
1012,10496.623030
1013,10490.105670
1014,10494.937130
1015,10488.217560
1016,10515.544680
1017,10488.466520
1018,10469.932880
1019,10533.433440
1020,10504.934390
1021,10509.080770
1022,10482.331430
1023,10427.178290
1024,10447.929310
1025,10460.273030
1026,10480.007980
1027,10514.113490
1028,10482.995920
1029,10473.674690
1030,10460.638870
1031,10430.808670
1032,10474.127870
1033,10490.751840
1034,10393.888010
1035,10492.869700
1036,10473.368720
1037,10452.686300
1038,10403.678640
1039,10438.472200
1040,10441.692540
1041,10414.249100
1042,10445.046080
1043,10459.175040
1044,10400.788950
1045,10397.833990
1046,10476.388980
1047,10488.473570
1048,10459.701140
1049,10454.993970
1050,10424.476290
1051,10414.769120
1052,10441.051950
1053,10432.455770
1054,10433.305890
1055,10411.209650
1056,10458.937580
1057,10400.383210
1058,10437.629330
1059,10396.036380
1060,10427.454540
1061,10413.943960
1062,10375.360080
1063,10422.440810
1064,10438.680460
1065,10398.330060
1066,10398.861730
1067,10399.145590
1068,10363.895180
1069,10415.814810
1070,10381.491040
1071,10414.060570
1072,10385.066620
1073,10402.686410
1074,10393.712240
1075,10377.959780
1076,10356.261520
1077,10353.687100
1078,10400.392780
1079,10405.287560
1080,10420.854280
1081,10385.703180
1082,10383.344200
1083,10325.230390
1084,10348.498620
1085,10449.627790
1086,10395.901560
1087,10345.680150
1088,10380.039280
1089,10377.461250
1090,10378.129360
1091,10360.413810
1092,10341.621580
1093,10342.972800
1094,10398.639310
1095,10344.843690
1096,10345.962890
1097,10343.350050
1098,10342.157020
1099,10354.178830
1100,10347.794010
1101,10357.673860
1102,10348.007800
1103,10334.063230
1104,10328.107330
1105,10360.363750
1106,10340.660030
1107,10347.128610
1108,10371.464830
1109,10362.357800
1110,10358.130180
1111,10318.261880
1112,10312.068700
1113,10305.394700
1114,10331.472500
1115,10344.054640
1116,10323.459520
1117,10311.403020
1118,10298.689960
1119,10334.096010
1120,10317.521750
1121,10322.714030
1122,10300.822800
1123,10318.921520
1124,10316.548500
1125,10274.514320
1126,10310.452050
1127,10323.568290
1128,10276.588510
1129,10351.214670
1130,10266.345660
1131,10289.698850
1132,10305.911160
1133,10303.090070
1134,10290.570170
1135,10299.828860
1136,10289.520230
1137,10339.820520
1138,10291.808310
1139,10262.445660
1140,10286.819190
1141,10289.879190
1142,10266.466730
1143,10296.511570
1144,10282.798320
1145,10281.042450
1146,10293.205180
1147,10301.557390
1148,10279.888500
1149,10267.475820
1150,10268.644010
1151,10246.874750
1152,10286.863060
1153,10250.695230
1154,10238.134740
1155,10323.704380
1156,10258.221170
1157,10262.398940
1158,10252.533600
1159,10259.598350
1160,10282.833550
1161,10247.816730
1162,10254.529320
1163,10269.181940
1164,10284.315600
1165,10208.229750
1166,10253.273290
1167,10220.380960
1168,10285.337000
1169,10283.255730
1170,10234.210630
1171,10251.928630
1172,10258.479300
1173,10202.827430
1174,10235.312440
1175,10266.696550
1176,10233.425310
1177,10236.006350
1178,10200.821530
1179,10234.072540
1180,10221.546550
1181,10252.707630
1182,10157.121180
1183,10256.346120
1184,10230.216050
1185,10225.787400
1186,10224.144880
1187,10211.292190
1188,10222.442080
1189,10214.153840
1190,10192.928900
1191,10234.084320
1192,10196.168410
1193,10171.359520
1194,10211.700530
1195,10198.802590
1196,10215.868020
1197,10182.265120
1198,10226.098210
1199,10220.055830
1200,10233.654120
1201,10230.903830
1202,10193.534050
1203,10162.771690
1204,10181.213860
1205,10211.439240
1206,10185.135670
1207,10182.533830
1208,10195.227730
1209,10178.318380
1210,10168.807500
1211,10155.550150
1212,10152.262990
1213,10185.265340
1214,10167.166310
1215,10167.243670
1216,10192.600140
1217,10178.774890
1218,10162.379220
1219,10149.895170
1220,10141.473300
1221,10196.318810
1222,10180.782870
1223,10168.334600
1224,10130.085370
1225,10156.019110
1226,10155.764200
1227,10198.635780
1228,10148.427600
1229,10181.353360
1230,10161.056450
1231,10203.305320
1232,10119.276310
1233,10145.476750
1234,10162.377980
1235,10141.561470
1236,10134.490490
1237,10132.224300
1238,10179.454860
1239,10143.473480
1240,10141.042330
1241,10145.132910
1242,10092.199420
1243,10122.776240
1244,10130.253640
1245,10133.984050
1246,10146.938870
1247,10109.125750
1248,10121.765160
1249,10101.151830
1250,10156.940800
1251,10126.104900
1252,10127.621960
1253,10123.717260
1254,10075.560860
1255,10149.793270
1256,10093.197390
1257,10117.135300
1258,10087.404370
1259,10120.959720
1260,10126.191150
1261,10094.542110
1262,10116.093050
1263,10132.109280
1264,10104.155890
1265,10112.861200
1266,10133.515320
1267,10098.828230
1268,10124.882960
1269,10117.873800
1270,10073.671350
1271,10111.635870
1272,10081.580350
1273,10086.521680
1274,10079.864670
1275,10060.572290
1276,10106.766460
1277,10082.043780
1278,10075.464660
1279,10065.165190
1280,10072.447420
1281,10088.101350
1282,10077.172630
1283,10076.007910
1284,10053.086220
1285,10074.892940
1286,10058.497640
1287,10094.637510
1288,10029.400160
1289,10099.517740
1290,10108.999630
1291,10058.457040
1292,10045.976740
1293,10088.419210
1294,10059.431140
1295,10044.220760
1296,10074.591700
1297,10032.408080
1298,10063.178500
1299,10084.903080
1300,10023.701920
1301,10024.907680
1302,10053.561300
1303,10003.648980
1304,10031.913640
1305,10003.191720
1306,10026.577730
1307,10042.763910
1308,10015.821150
1309,10079.056430
1310,10064.091190
1311,10095.152550
1312,10039.134200
1313,10044.526170
1314,10034.838880
1315,10075.284210
1316,10046.229980
1317,10027.391110
1318,10002.561260
1319,10058.706510
1320,10019.061900
1321,10028.466260
1322,10048.434810
1323,10008.388560
1324,10005.052820
1325,10012.828940
1326,10040.595910
1327,10036.923400
1328,10023.753980
1329,10019.338590
1330,10012.992880
1331,9982.642410
1332,10012.817390
1333,10009.840530
1334,9950.094010
1335,10006.907570
1336,9998.842810
1337,9981.536880
1338,9986.738660
1339,10017.037100
1340,10010.093250
1341,10013.391610
1342,9978.370300
1343,9999.945100
1344,9988.416670
1345,9961.048810
1346,9974.492220
1347,9998.271240
1348,9984.302550
1349,10004.455150
1350,10002.596740
1351,9990.154870
1352,9963.261640
1353,9989.881290
1354,9980.299250
1355,9971.629810
1356,9975.538820
1357,9916.494550
1358,9956.253930
1359,9976.185040
1360,9913.878470
1361,10002.082540
1362,9969.115510
1363,9933.950360
1364,9937.727920
1365,9967.156160
1366,9977.225220
1367,9956.523970
1368,9959.388730
1369,9942.013860
1370,9967.951740
1371,9936.418720
1372,9956.074970
1373,9963.264340
1374,9956.648850
1375,9936.653940
1376,9954.731800
1377,9933.350150
1378,9922.609780
1379,9915.409110
1380,9926.582170
1381,9964.840160
1382,9933.159050
1383,9901.058110
1384,9904.090220
1385,9907.587330
1386,9914.144970
1387,9949.174020
1388,9927.808390
1389,9902.598400
1390,9925.276420
1391,9933.021000
1392,9939.062580
1393,9899.211890
1394,9919.504060
1395,9906.955360
1396,9911.660630
1397,9907.233750
1398,9878.141600
1399,9922.866320
1400,9900.488990
1401,9928.188290
1402,9921.029330
1403,9874.455650
1404,9834.198650
1405,9895.709800
1406,9885.877760
1407,9865.492320
1408,9911.215340
1409,9931.809670
1410,9895.611450
1411,9892.594170
1412,9881.374850
1413,9845.891470
1414,9902.535140
1415,9898.492520
1416,9878.716010
1417,9912.997400
1418,9891.732370
1419,9872.945720
1420,9872.151290
1421,9847.822250
1422,9874.971690
1423,9892.951620
1424,9869.989600
1425,9868.905830
1426,9885.719730
1427,9885.123960
1428,9866.827680
1429,9869.841580
1430,9865.945140
1431,9846.199570
1432,9867.003090
1433,9873.129280
1434,9866.133710
1435,9840.217540
1436,9846.657390
1437,9838.135340
1438,9835.773260
1439,9847.172470
1440,9873.042180
1441,9839.630250
1442,9822.398510
1443,9842.890700
1444,9856.907480
1445,9835.829750
1446,9851.122750
1447,9836.941190
1448,9842.491820
1449,9819.526860
1450,9797.596480
1451,9831.744890
1452,9804.944580
1453,9813.228740
1454,9866.121450
1455,9825.642590
1456,9836.511080
1457,9794.279810
1458,9810.428230
1459,9827.207530
1460,9824.822460
1461,9795.748060
1462,9836.777980
1463,9803.780670
1464,9800.534150
1465,9810.846430
1466,9794.006530
1467,9777.278820
1468,9795.390670
1469,9780.883520
1470,9767.992340
1471,9783.983900
1472,9792.708930
1473,9785.582130
1474,9805.710000
1475,9781.522380
1476,9792.658920
1477,9787.253520
1478,9793.682400
1479,9799.197190
1480,9766.100060
1481,9765.750360
1482,9766.802900
1483,9747.033960
1484,9780.796820
1485,9752.246420
1486,9744.899510
1487,9768.255540
1488,9744.703110
1489,9770.198590
1490,9743.685360
1491,9756.400620
1492,9777.879600
1493,9736.200330
1494,9770.135100
1495,9728.916910
1496,9722.582500
1497,9713.483140
1498,9750.605930
1499,9753.068050
1500,9733.727870
1501,9749.461930
1502,9760.154300
1503,9741.816270
1504,9750.820110
1505,9787.706880
1506,9758.538260
1507,9752.046700
1508,9705.564730
1509,9756.963300
1510,9731.570830
1511,9729.924920
1512,9726.614100
1513,9716.807760
1514,9709.427960
1515,9742.892480
1516,9738.195950
1517,9727.339540
1518,9753.472630
1519,9727.456650
1520,9685.930930
1521,9707.434940
1522,9710.574230
1523,9738.680390
1524,9726.899960
1525,9718.475480
1526,9668.076400
1527,9694.165840
1528,9742.500490
1529,9668.631300
1530,9697.509660
1531,9721.812520
1532,9709.946740
1533,9682.169650
1534,9700.559950
1535,9698.540070
1536,9724.780240
1537,9675.612250
1538,9755.211400
1539,9689.057550
1540,9670.927440
1541,9666.465310
1542,9678.687280
1543,9662.472180
1544,9665.719720
1545,9675.499380
1546,9754.000930
1547,9679.018800
1548,9656.325070
1549,9685.110110
1550,9650.659990
1551,9609.371050
1552,9692.475100
1553,9687.538400
1554,9679.265430
1555,9625.345910
1556,9712.108970
1557,9684.538850
1558,9651.278960
1559,9638.489750
1560,9652.263290
1561,9651.140910
1562,9627.055430
1563,9707.587110
1564,9665.702750
1565,9700.820460
1566,9627.855290
1567,9660.913170
1568,9652.003060
1569,9698.855350
1570,9670.408440
1571,9636.727380
1572,9614.980100
1573,9625.633190
1574,9609.089710
1575,9692.223990
1576,9630.861430
1577,9614.057010
1578,9636.355920
1579,9642.496570
1580,9626.630450
1581,9612.239070
1582,9628.750140
1583,9668.456440
1584,9606.110890
1585,9653.534230
1586,9623.899290
1587,9622.981000
1588,9643.068670
1589,9581.210180
1590,9650.963650
1591,9628.116200
1592,9604.917890
1593,9614.236270
1594,9628.954980
1595,9608.892900
1596,9599.906830
1597,9602.466310
1598,9613.594560
1599,9598.970180
1600,9597.385900
1601,9585.540060
1602,9559.814690
1603,9606.139140
1604,9608.574050
1605,9629.711600
1606,9652.066830
1607,9616.027520
1608,9575.567810
1609,9603.375530
1610,9588.836400
1611,9604.991030
1612,9569.357260
1613,9588.884680
1614,9557.478760
1615,9615.845540
1616,9570.183110
1617,9596.362500
1618,9578.565910
1619,9573.696130
1620,9569.748120
1621,9564.403320
1622,9560.460150
1623,9534.077320
1624,9560.600090
1625,9564.814810
1626,9564.698950
1627,9572.229960
1628,9583.196620
1629,9548.126830
1630,9551.288610
1631,9527.542490
1632,9510.985870
1633,9519.957360
1634,9593.400390
1635,9532.667170
1636,9534.788450
1637,9506.465480
1638,9486.491410
1639,9550.774660
1640,9515.311900
1641,9548.972620
1642,9509.140860
1643,9523.918410
1644,9506.498050
1645,9581.693300
1646,9491.288200
1647,9548.449960
1648,9510.173810
1649,9567.531180
1650,9542.964120
1651,9528.597680
1652,9509.600740
1653,9522.604440
1654,9558.826850
1655,9510.094760
1656,9486.822410
1657,9494.732300
1658,9509.686060
1659,9511.855520
1660,9557.605390
1661,9542.172780
1662,9502.523870
1663,9519.472400
1664,9469.325090
1665,9508.984400
1666,9481.384180
1667,9502.408540
1668,9537.636800
1669,9522.844580
1670,9517.488250
1671,9522.747160
1672,9514.843380
1673,9476.204680
1674,9510.937410
1675,9470.939810
1676,9474.467200
1677,9532.318740
1678,9474.562110
1679,9480.443790
1680,9460.050930
1681,9494.693760
1682,9504.824110
1683,9504.975010
1684,9487.369010
1685,9441.493870
1686,9469.717270
1687,9462.229380
1688,9424.907060
1689,9433.364470
1690,9476.951750
1691,9493.069120
1692,9502.471000
1693,9473.507180
1694,9475.049380
1695,9433.228520
1696,9471.719610
1697,9421.734150
1698,9443.336230
1699,9410.289800
1700,9475.687230
1701,9462.424940
1702,9436.722620
1703,9436.799020
1704,9427.837350
1705,9469.061610
1706,9456.013020
1707,9475.391980
1708,9463.226710
1709,9402.057580
1710,9437.699380
1711,9408.958010
1712,9416.174790
1713,9433.889390
1714,9406.619390
1715,9382.631490
1716,9401.660910
1717,9437.387980
1718,9437.154730
1719,9428.942510
1720,9429.349420
1721,9443.822380
1722,9412.652270
1723,9391.653940
1724,9422.468220
1725,9398.690480
1726,9414.065570
1727,9400.132640
1728,9440.264600
1729,9394.949360
1730,9442.401340
1731,9416.490510
1732,9392.744510
1733,9389.061540
1734,9396.632100
1735,9392.460130
1736,9385.891690
1737,9386.896750
1738,9398.832250
1739,9379.755500
1740,9345.482450
1741,9414.440280
1742,9328.462040
1743,9389.135410
1744,9378.470540
1745,9392.082860
1746,9413.675170
1747,9350.641820
1748,9402.489360
1749,9378.984550
1750,9368.557100
1751,9362.413320
1752,9361.546280
1753,9393.604860
1754,9371.901850
1755,9369.485920
1756,9350.049540
1757,9331.838170
1758,9348.055050
1759,9358.934270
1760,9352.670460
1761,9385.029840
1762,9325.414460
1763,9352.235360
1764,9361.290510
1765,9349.283740
1766,9365.682870
1767,9376.542340
1768,9364.937000
1769,9353.808060
1770,9362.809960
1771,9318.708970
1772,9387.401820
1773,9311.323300
1774,9335.165720
1775,9342.049050
1776,9319.141750
1777,9344.313360
1778,9315.881700
1779,9323.250870
1780,9362.147150
1781,9337.408080
1782,9349.750970
1783,9338.322750
1784,9350.175970
1785,9369.690370
1786,9310.858400
1787,9302.230340
1788,9331.609870
1789,9329.117790
1790,9312.620210
1791,9329.354340
1792,9323.758500
1793,9343.023040
1794,9335.681620
1795,9336.064090
1796,9308.683400
1797,9260.444380
1798,9333.595760
1799,9291.446030
1800,9314.274070
1801,9319.553470
1802,9297.041060
1803,9310.336040
1804,9301.590510
1805,9258.052290
1806,9285.493850
1807,9297.479060
1808,9296.514180
1809,9254.313260
1810,9299.519580
1811,9278.404000
1812,9286.890230
1813,9311.874120
1814,9267.667770
1815,9226.925370
1816,9286.467780
1817,9282.397610
1818,9275.743260
1819,9282.859270
1820,9228.302910
1821,9263.802530
1822,9275.716500
1823,9239.080440
1824,9247.120640
1825,9285.714030
1826,9269.227850
1827,9272.487030
1828,9273.730080
1829,9248.755980
1830,9268.124490
1831,9283.982670
1832,9279.045070
1833,9226.146040
1834,9241.499390
1835,9279.500790
1836,9262.736260
1837,9240.491550
1838,9276.386010
1839,9240.845280
1840,9217.456740
1841,9213.812560
1842,9267.366810
1843,9248.861250
1844,9261.931550
1845,9237.007100
1846,9207.161630
1847,9249.345380
1848,9191.284510
1849,9225.034280
1850,9182.613660
1851,9202.617740
1852,9214.085800
1853,9214.455490
1854,9255.105710
1855,9196.017560
1856,9205.402480
1857,9223.654330
1858,9192.067880
1859,9243.523710
1860,9224.114150
1861,9190.697950
1862,9196.543280
1863,9227.042220
1864,9192.462660
1865,9158.469220
1866,9193.079820
1867,9220.320600
1868,9184.441000
1869,9203.229360
1870,9178.947120
1871,9205.632040
1872,9187.720110
1873,9188.530940
1874,9156.555180
1875,9229.235960
1876,9160.513040
1877,9177.570040
1878,9190.545420
1879,9173.554000
1880,9182.912630
1881,9159.069010
1882,9167.750190
1883,9176.038830
1884,9167.354440
1885,9178.008280
1886,9130.310190
1887,9157.334080
1888,9216.234050
1889,9197.009490
1890,9172.887530
1891,9164.659750
1892,9160.447440
1893,9161.252600
1894,9169.840630
1895,9165.098380
1896,9153.895130
1897,9167.855850
1898,9125.608540
1899,9141.460280
1900,9166.597520
1901,9148.239170
1902,9170.706880
1903,9157.066730
1904,9141.371060
1905,9119.681160
1906,9131.029100
1907,9139.631780
1908,9156.546730
1909,9101.869440
1910,9142.516320
1911,9132.386220
1912,9136.046790
1913,9123.241060
1914,9137.855130
1915,9120.799330
1916,9169.952170
1917,9138.316600
1918,9157.741670
1919,9140.862110
1920,9140.685700
1921,9116.295710
1922,9080.043890
1923,9112.558600
1924,9118.493160
1925,9069.845410
1926,9108.209030
1927,9165.346850
1928,9130.438590
1929,9153.140050
1930,9144.566810
1931,9108.336190
1932,9125.710080
1933,9103.863210
1934,9119.513590
1935,9086.016590
1936,9093.764280
1937,9153.534540
1938,9116.556700
1939,9076.153750
1940,9096.424660
1941,9069.811330
1942,9096.122780
1943,9074.494600
1944,9097.761500
1945,9053.212800
1946,9064.574480
1947,9093.381610
1948,9079.805050
1949,9050.893880
1950,9097.394970
1951,9076.246240
1952,9078.058800
1953,9051.476040
1954,9065.306790
1955,9093.008610
1956,9071.362670
1957,9066.498490
1958,9065.059810
1959,9103.837320
1960,9068.780780
1961,9048.569370
1962,9057.334820
1963,9029.845740
1964,9041.177450
1965,9057.975310
1966,9043.286400
1967,9050.158110
1968,9059.214050
1969,9030.492270
1970,9048.544620
1971,9064.606800
1972,9023.928600
1973,9042.515880
1974,9027.006580
1975,8997.203570
1976,9003.260560
1977,9043.040470
1978,9044.718120
1979,9010.712050
1980,9015.964280
1981,9009.547350
1982,9033.320460
1983,9022.889520
1984,9026.591660
1985,9024.655070
1986,8994.317330
1987,8992.878010
1988,9027.479180
1989,9042.141200
1990,8971.021000
1991,9025.671520
1992,9038.442840
1993,9004.685340
1994,9015.921870
1995,9024.165040
1996,8975.492040
1997,9014.664360
1998,8985.330610
1999,9010.212240
2000,9004.190790
2001,9002.812030
2002,8997.026110
2003,8981.945010
2004,8993.379940
2005,8974.941480
2006,8981.984200
2007,9000.479000
2008,8987.924770
2009,9012.330740
2010,8985.613680
2011,8988.467700
2012,8987.203610
2013,8980.876390
2014,8956.972780
2015,8980.440340
2016,8973.159770
2017,8982.716730
2018,8971.816140
2019,8937.418470
2020,8976.342160
2021,8959.335570
2022,9009.943800
2023,8969.951960
2024,8988.946160
2025,8997.018660
2026,8958.582810
2027,8952.367840
2028,8964.012570
2029,8926.150890
2030,8976.760320
2031,8948.542680
2032,8942.844800
2033,8943.211060
2034,8916.918310
2035,8959.078340
2036,8976.547420
2037,8946.289800
2038,8911.300400
2039,8949.056750
2040,8908.837260
2041,8983.241090
2042,8949.217420
2043,8953.591710
2044,8896.804420
2045,8953.484450
2046,8935.718590
2047,8912.456710
2048,8866.289200
2049,8910.774170
2050,8911.267160
2051,8948.980600
2052,8927.945530
2053,8953.483140
2054,8903.991860
2055,8930.757440
2056,8899.516310
2057,8912.230480
2058,8899.678810
2059,8962.905480
2060,8910.189700
2061,8926.933980
2062,8924.179630
2063,8936.060930
2064,8904.304730
2065,8908.595070
2066,8916.330340
2067,8904.269850
2068,8909.541590
2069,8890.734380
2070,8892.466960
2071,8895.489880
2072,8873.721920
2073,8930.482530
2074,8912.975870
2075,8914.483260
2076,8903.531070
2077,8852.082050
2078,8891.664150
2079,8844.606190
2080,8893.548070
2081,8852.878260
2082,8903.934990
2083,8875.960120
2084,8882.714690
2085,8880.619770
2086,8821.584810
2087,8848.444040
2088,8886.939820
2089,8889.490580
2090,8902.288560
2091,8852.392300
2092,8855.103520
2093,8846.983890
2094,8865.052540
2095,8875.592070
2096,8838.130660
2097,8881.629410
2098,8886.797570
2099,8861.156910
2100,8885.766540
2101,8821.529440
2102,8836.243120
2103,8839.286390
2104,8832.580450
2105,8840.267980
2106,8831.347370
2107,8844.699670
2108,8811.630940
2109,8847.065630
2110,8838.866130
2111,8832.663020
2112,8828.623700
2113,8828.645530
2114,8868.737780
2115,8814.526750
2116,8854.678030
2117,8843.965300
2118,8853.483070
2119,8827.070780
2120,8822.825100
2121,8839.214000
2122,8834.021230
2123,8836.807700
2124,8865.164250
2125,8827.031200
2126,8822.736750
2127,8845.684350
2128,8815.098850
2129,8796.776420
2130,8782.244060
2131,8801.755780
2132,8811.035800
2133,8825.754340
2134,8803.596940
2135,8789.836000
2136,8797.909710
2137,8767.292330
2138,8798.972060
2139,8778.605370
2140,8790.322310
2141,8781.067380
2142,8788.258460
2143,8809.603320
2144,8779.259340
2145,8781.339490
2146,8800.395550
2147,8790.905010
2148,8804.451210
2149,8771.169480
2150,8794.138720
2151,8798.705210
2152,8764.617950
2153,8781.198420
2154,8753.341850
2155,8756.357010
2156,8762.385920
2157,8766.956990
2158,8750.009280
2159,8788.165440
2160,8748.901230
2161,8755.132730
2162,8747.553530
2163,8772.507720
2164,8760.922100
2165,8743.717660
2166,8767.451550
2167,8748.699630
2168,8724.635360
2169,8762.289600
2170,8712.875020
2171,8733.804960
2172,8743.146050
2173,8724.744010
2174,8755.178790
2175,8732.061920
2176,8746.497180
2177,8707.063650
2178,8766.345670
2179,8743.681070
2180,8717.795120
2181,8690.274290
2182,8671.415970
2183,8731.415860
2184,8734.321050
2185,8704.576200
2186,8729.515400
2187,8737.053930
2188,8771.461540
2189,8743.770060
2190,8722.035530
2191,8736.112570
2192,8715.575120
2193,8722.313190
2194,8703.134010
2195,8708.901720
2196,8692.410600
2197,8703.829650
2198,8685.188090
2199,8684.315690
2200,8696.593230
2201,8732.571180
2202,8691.824900
2203,8694.786820
2204,8686.093570
2205,8699.464030
2206,8673.015350
2207,8693.554920
2208,8701.361760
2209,8682.402200
2210,8657.761620
2211,8670.446960
2212,8696.056030
2213,8644.265170
2214,8698.271140
2215,8678.634430
2216,8686.612510
2217,8652.880460
2218,8657.429260
2219,8691.942400
2220,8663.063030
2221,8686.969200
2222,8686.242500
2223,8677.948130
2224,8662.865520
2225,8614.291120
2226,8643.988510
2227,8660.646440
2228,8649.497410
2229,8665.331380
2230,8639.799340
2231,8643.211560
2232,8655.849860
2233,8634.166700
2234,8628.289890
2235,8597.389360
2236,8640.114690
2237,8664.459660
2238,8657.831610
2239,8615.573090
2240,8626.432910
2241,8658.709930
2242,8640.641780
2243,8686.693860
2244,8653.918770
2245,8624.887310
2246,8636.709830
2247,8625.342250
2248,8602.265920
2249,8639.590090
2250,8639.084430
2251,8590.605470
2252,8602.585240
2253,8629.222320
2254,8607.813660
2255,8644.626630
2256,8602.899970
2257,8630.032280
2258,8584.698610
2259,8609.113960
2260,8626.677780
2261,8582.088060
2262,8618.487860
2263,8591.458290
2264,8576.671630
2265,8611.236900
2266,8640.620630
2267,8562.191350
2268,8561.184620
2269,8609.996650
2270,8601.991360
2271,8588.508500
2272,8587.801790
2273,8581.990170
2274,8558.263620
2275,8575.600870
2276,8602.627880
2277,8597.926850
2278,8578.699480
2279,8587.630240
2280,8572.183880
2281,8542.981680
2282,8575.120050
2283,8606.348670
2284,8557.364650
2285,8584.771810
2286,8592.136790
2287,8590.372430
2288,8569.978080
2289,8554.836290
2290,8533.361400
2291,8557.062170
2292,8549.765480
2293,8535.684330
2294,8587.867800
2295,8555.594370
2296,8546.913900
2297,8536.025590
2298,8570.782230
2299,8547.892870
2300,8557.256990
2301,8532.122190
2302,8548.356190
2303,8537.159680
2304,8549.511930
2305,8546.992380
2306,8550.604790
2307,8558.960760
2308,8571.560870
2309,8512.585590
2310,8530.884080
2311,8527.774160
2312,8489.826780
2313,8523.374800
2314,8523.147260
2315,8550.670790
2316,8508.609740
2317,8489.976140
2318,8526.004070
2319,8547.755660
2320,8531.684130
2321,8513.589150
2322,8503.708520
2323,8512.995490
2324,8501.249890
2325,8529.201430
2326,8534.920330
2327,8523.926550
2328,8528.244180
2329,8548.990780
2330,8471.737100
2331,8514.683960
2332,8478.826370
2333,8476.835300
2334,8501.888550
2335,8465.215240
2336,8484.677710
2337,8463.770420
2338,8506.936690
2339,8490.478840
2340,8503.569690
2341,8486.082640
2342,8481.820180
2343,8486.639720
2344,8489.477330
2345,8493.286160
2346,8461.137680
2347,8456.871610
2348,8447.905110
2349,8504.344550
2350,8453.824770
2351,8444.029630
2352,8530.096400
2353,8470.938010
2354,8433.874380
2355,8469.206330
2356,8478.469520
2357,8481.271830
2358,8453.017020
2359,8484.855450
2360,8472.761900
2361,8445.785940
2362,8440.391830
2363,8480.378010
2364,8446.947390
2365,8468.031370
2366,8465.939480
2367,8464.244430
2368,8407.102460
2369,8452.119660
2370,8430.331220
2371,8444.784670
2372,8437.425410
2373,8434.354670
2374,8437.704800
2375,8435.449870
2376,8442.861220
2377,8436.334980
2378,8432.646350
2379,8400.032360
2380,8388.110760
2381,8438.535140
2382,8446.810870
2383,8438.496980
2384,8417.020430
2385,8422.479870
2386,8436.627900
2387,8419.425090
2388,8420.347620
2389,8475.854270
2390,8421.890360
2391,8403.595610
2392,8408.481560
2393,8456.105660
2394,8408.779670
2395,8411.827300
2396,8442.271250
2397,8394.632240
2398,8394.693040
2399,8411.472450
2400,8409.862550
2401,8404.059850
2402,8392.406940
2403,8425.921810
2404,8383.661430
2405,8433.757600
2406,8380.862090
2407,8412.212120
2408,8422.928190
2409,8366.122730
2410,8376.680810
2411,8384.660940
2412,8380.102720
2413,8369.786720
2414,8371.448660
2415,8385.698480
2416,8383.503810
2417,8372.236520
2418,8364.313100
2419,8350.832060
2420,8341.895480
2421,8371.553080
2422,8385.958560
2423,8320.091880
2424,8343.416190
2425,8368.311960
2426,8350.274760
2427,8333.188460
2428,8340.449360
2429,8371.542220
2430,8333.617650
2431,8361.909760
2432,8355.350480
2433,8382.219420
2434,8347.564230
2435,8352.901880
2436,8381.909020
2437,8350.877440
2438,8342.372130
2439,8343.501860
2440,8352.309680
2441,8340.904090
2442,8374.437660
2443,8357.447860
2444,8343.813580
2445,8321.337070
2446,8328.425340
2447,8313.894640
2448,8369.444740
2449,8339.543300
2450,8339.415690
2451,8347.943190
2452,8318.685780
2453,8275.517050
2454,8304.420170
2455,8312.000690
2456,8320.644780
2457,8345.751050
2458,8295.609170
2459,8327.231430
2460,8322.340110
2461,8313.859060
2462,8316.853700
2463,8264.175440
2464,8329.480350
2465,8301.340280
2466,8355.270030
2467,8326.699210
2468,8286.488650
2469,8291.119970
2470,8294.575870
2471,8305.274340
2472,8282.939870
2473,8282.426740
2474,8298.558910
2475,8296.953240
2476,8260.999560
2477,8289.492830
2478,8281.390130
2479,8271.058140
2480,8276.632820
2481,8249.566900
2482,8302.348070
2483,8278.157150
2484,8289.302190
2485,8273.963250
2486,8276.022920
2487,8293.581110
2488,8228.841020
2489,8234.516750
2490,8247.541170
2491,8247.620190
2492,8257.099850
2493,8277.389970
2494,8271.824970
2495,8239.765250
2496,8273.897600
2497,8236.862380
2498,8253.609820
2499,8243.176510
2500,8252.039270
2501,8246.139880
2502,8262.350740
2503,8207.802360
2504,8228.412920
2505,8241.188210
2506,8212.307070
2507,8234.568400
2508,8247.394530
2509,8249.650060
2510,8243.832250
2511,8241.732780
2512,8245.897630
2513,8255.910860
2514,8225.734180
2515,8226.671960
2516,8227.497220
2517,8244.989000
2518,8207.504240
2519,8255.836220
2520,8218.845090
2521,8244.436420
2522,8182.600870
2523,8204.309840
2524,8230.852570
2525,8210.522730
2526,8192.454430
2527,8217.866750
2528,8184.505600
2529,8190.519400
2530,8244.567580
2531,8198.237090
2532,8164.808880
2533,8199.996940
2534,8210.213220
2535,8188.759780
2536,8206.609290
2537,8202.856200
2538,8217.729710
2539,8209.956280
2540,8208.493720
2541,8179.314660
2542,8197.006030
2543,8183.647520
2544,8186.368310
2545,8192.726170
2546,8198.135170
2547,8180.866160
2548,8206.401520
2549,8156.520040
2550,8186.618920
2551,8184.347460
2552,8167.621360
2553,8167.855660
2554,8159.601190
2555,8160.171030
2556,8155.951270
2557,8146.973230
2558,8190.199910
2559,8135.110640
2560,8178.504280
2561,8182.842400
2562,8142.887590
2563,8112.862250
2564,8137.798230
2565,8123.089030
2566,8147.184540
2567,8171.779930
2568,8134.132280
2569,8155.376540
2570,8100.868320
2571,8134.977460
2572,8134.041080
2573,8156.391920
2574,8145.009900
2575,8177.607380
2576,8134.523590
2577,8147.096810
2578,8122.142190
2579,8193.330020
2580,8121.913380
2581,8130.299750
2582,8132.553440
2583,8183.485420
2584,8141.198970
2585,8122.819170
2586,8138.775600
2587,8130.193940
2588,8146.458220
2589,8116.021170
2590,8125.131330
2591,8095.623470
2592,8128.904710
2593,8131.314890
2594,8138.244070
2595,8130.406690
2596,8114.462380
2597,8086.794680
2598,8077.712070
2599,8092.053300
2600,8095.141960
2601,8092.244560
2602,8106.788640
2603,8083.446880
2604,8111.646090
2605,8069.190020
2606,8077.666540
2607,8090.377250
2608,8054.888910
2609,8087.882760
2610,8107.668400
2611,8056.212370
2612,8113.103170
2613,8089.957730
2614,8099.427270
2615,8060.117590
2616,8081.682660
2617,8074.394190
2618,8057.108740
2619,8051.028060
2620,8085.946630
2621,8035.593440
2622,8057.189830
2623,8067.043220
2624,8054.235750
2625,8069.733280
2626,8056.606990
2627,8065.222680
2628,8080.974820
2629,8032.857220
2630,8092.342210
2631,8074.566390
2632,8051.255100
2633,8060.152360
2634,8030.559300
2635,8085.317370
2636,8047.501730
2637,8021.639030
2638,8042.870030
2639,8028.776740
2640,8024.372850
2641,8001.308980
2642,8035.688170
2643,8039.692380
2644,8036.793050
2645,8043.014080
2646,8040.648140
2647,8001.606760
2648,8057.190040
2649,8045.482660
2650,8032.719040
2651,8015.136560
2652,8018.258830
2653,8025.369020
2654,8004.431890
2655,8000.687810
2656,8013.048230
2657,8051.516360
2658,8008.771460
2659,7998.311270
2660,8015.512790
2661,8030.858160
2662,8010.428510
2663,7982.125150
2664,7961.668020
2665,8011.189710
2666,8018.246470
2667,8006.481300
2668,7976.216200
2669,7998.404810
2670,7996.824100
2671,7978.972160
2672,7991.882650
2673,8035.338370
2674,7984.233900
2675,7987.542450
2676,7988.691370
2677,7949.651030
2678,7976.560690
2679,7963.478020
2680,7996.642800
2681,7946.776300
2682,7991.847790
2683,7979.623220
2684,7969.117920
2685,7971.343580
2686,7969.457450
2687,7964.071260
2688,7967.052550
2689,7950.032240
2690,7962.856620
2691,7952.952820
2692,7959.999000
2693,7966.263780
2694,7979.702050
2695,7991.801250
2696,7962.171070
2697,7931.625190
2698,7961.329810
2699,7942.766300
2700,7988.756740
2701,7966.335630
2702,7951.659430
2703,7967.865210
2704,7968.873170
2705,7907.912740
2706,7952.726090
2707,7915.009560
2708,7924.218830
2709,7961.392500
2710,7932.876880
2711,7930.447730
2712,7951.190060
2713,7970.895320
2714,7944.284980
2715,7898.610810
2716,7927.287900
2717,7944.312600
2718,7903.159230
2719,7887.295300
2720,7933.657860
2721,7942.304980
2722,7950.710810
2723,7923.917660
2724,7925.361800
2725,7876.104800
2726,7941.835910
2727,7912.241590
2728,7938.889050
2729,7891.005260
2730,7901.620870
2731,7908.254270
2732,7918.995580
2733,7923.562540
2734,7872.050520
2735,7880.219050
2736,7885.051720
2737,7900.151400
2738,7879.919560
2739,7883.818430
2740,7896.663120
2741,7882.856200
2742,7896.458190
2743,7906.609570
2744,7898.668260
2745,7888.247110
2746,7870.042840
2747,7840.526600
2748,7925.311770
2749,7895.510910
2750,7894.730960
2751,7876.252140
2752,7861.339490
2753,7861.921700
2754,7906.152120
2755,7854.963820
2756,7906.493070
2757,7863.615170
2758,7873.918630
2759,7859.575810
2760,7867.248970
2761,7885.389170
2762,7869.416630
2763,7870.681020
2764,7865.580480
2765,7840.344830
2766,7858.397070
2767,7850.482550
2768,7845.172110
2769,7876.797420
2770,7828.612100
2771,7857.803720
2772,7832.935110
2773,7818.420200
2774,7833.448250
2775,7832.574220
2776,7855.553180
2777,7842.333600
2778,7821.068720
2779,7841.162440
2780,7846.470070
2781,7836.069720
2782,7797.908800
2783,7847.100690
2784,7827.238470
2785,7787.308070
2786,7825.902930
2787,7837.326590
2788,7803.372680
2789,7818.606990
2790,7803.177980
2791,7876.008500
2792,7792.748870
2793,7819.606880
2794,7831.276330
2795,7811.941560
2796,7795.742810
2797,7797.241480
2798,7792.711040
2799,7811.884870
2800,7818.133470
2801,7792.886260
2802,7793.031140
2803,7785.899180
2804,7795.340190
2805,7784.441490
2806,7804.916390
2807,7763.608020
2808,7779.011430
2809,7796.602630
2810,7792.620590
2811,7825.367880
2812,7794.200070
2813,7774.790520
2814,7793.958280
2815,7773.330830
2816,7775.232280
2817,7777.453560
2818,7771.777580
2819,7791.068380
2820,7765.899860
2821,7788.712800
2822,7782.200580
2823,7747.522250
2824,7758.845390
2825,7773.134980
2826,7730.916120
2827,7735.241790
2828,7735.120110
2829,7789.426350
2830,7748.588400
2831,7696.534900
2832,7792.992690
2833,7767.360060
2834,7730.054380
2835,