R,T
1,16361.388200
2,8229.806210
3,5675.705600
4,4543.240980
5,3965.353760
6,3635.254010
7,3435.694430
8,3306.479920
9,3219.132100
10,3168.417470
11,3110.385850
12,3091.944180
13,3065.790000
14,3050.228720
15,3024.564680
16,3012.882770
17,3020.533860
18,3018.660930
19,3002.470040
20,2994.297850
21,2993.468330
22,2972.270450
23,2981.865770
24,2976.643650
25,2968.813240
26,2974.095250
27,2984.458430
28,2972.855080
29,2963.078500
30,2953.966120
31,2961.443080
32,2960.644210
33,2967.285730
34,2958.836840
35,2957.553430
36,2956.992220
37,2954.008050
38,2952.760670
39,2941.792070
40,2942.820080
41,2943.962330
42,2954.649120
43,2937.970650
44,2933.792680
45,2943.447640
46,2928.209400
47,2929.766360
48,2928.949320
49,2933.909160
50,2920.323680
51,2919.707390
52,2931.252150
53,2917.288130
54,2916.845130
55,2914.022180
56,2929.769230
57,2919.337620
58,2913.795450
59,2910.923740
60,2918.519450
61,2909.223020
62,2914.431710
63,2903.211760
64,2914.368870
65,2908.386140
66,2895.434880
67,2903.237200
68,2896.513120
69,2916.153510
70,2911.384190
71,2884.261900
72,2892.648620
73,2902.138120
74,2903.077570
75,2892.582730
76,2880.432250
77,2894.647580
78,2878.264010
79,2886.926290
80,2881.576040
81,2868.553960
82,2878.490770
83,2877.441400
84,2882.202570
85,2888.870520
86,2858.945450
87,2869.106770
88,2861.637940
89,2865.469420
90,2869.167000
91,2857.826890
92,2872.339750
93,2863.886580
94,2862.128730
95,2862.782780
96,2859.154060
97,2851.913270
98,2854.848860
99,2853.296970
100,2852.439000
101,2837.076060
102,2845.159250
103,2849.817830
104,2842.699370
105,2850.679440
106,2855.011190
107,2844.437000
108,2831.751200
109,2844.388430
110,2836.692430
111,2832.228800
112,2829.079290
113,2831.096150
114,2833.978800
115,2821.317510
116,2829.465510
117,2832.221990
118,2834.429070
119,2828.375820
120,2817.922960
121,2822.826970
122,2816.412540
123,2812.489060
124,2808.129470
125,2814.742720
126,2812.149890
127,2807.645090
128,2798.020480
129,2799.281390
130,2802.137570
131,2805.480850
132,2813.710220
133,2806.982290
134,2820.528000
135,2803.290500
136,2797.807590
137,2791.413920
138,2793.661660
139,2804.661840
140,2787.807630
141,2785.517340
142,2784.115310
143,2771.885330
144,2778.787010
145,2793.814630
146,2783.541420
147,2773.936830
148,2789.019490
149,2788.070110
150,2772.561820
151,2776.898390
152,2771.906510
153,2764.220660
154,2768.483990
155,2761.415350
156,2767.253380
157,2774.107150
158,2779.078740
159,2758.097320
160,2766.472540
161,2763.385910
162,2756.277090
163,2762.305240
164,2754.053600
165,2749.971550
166,2758.365120
167,2751.891020
168,2746.192350
169,2743.796740
170,2749.952210
171,2738.334870
172,2736.334610
173,2739.270300
174,2736.730050
175,2740.862010
176,2738.995020
177,2744.131990
178,2726.223600
179,2740.028860
180,2725.316650
181,2730.970330
182,2726.763300
183,2736.715000
184,2722.008400
185,2727.774580
186,2722.815980
187,2713.662770
188,2720.246100
189,2716.535420
190,2713.692760
191,2717.734870
192,2714.435180
193,2715.422600
194,2709.702190
195,2707.699640
196,2711.622860
197,2697.407090
198,2707.435540
199,2700.355490
200,2715.264440
201,2704.101050
202,2698.996920
203,2689.749460
204,2692.005980
205,2684.762550
206,2686.085900
207,2684.255220
208,2687.319070
209,2698.256240
210,2693.087750
211,2689.613040
212,2675.725370
213,2682.137210
214,2674.122420
215,2682.677230
216,2684.335520
217,2672.959530
218,2668.146530
219,2680.078490
220,2666.095560
221,2666.878050
222,2663.630570
223,2670.562870
224,2664.869400
225,2661.825740
226,2668.295810
227,2654.942540
228,2654.777840
229,2663.340300
230,2656.836340
231,2655.224760
232,2647.701310
233,2641.968780
234,2654.510710
235,2653.351880
236,2655.183190
237,2656.216270
238,2656.452980
239,2653.850490
240,2653.841670
241,2634.337110
242,2645.714910
243,2635.964670
244,2629.267440
245,2623.282960
246,2623.739430
247,2631.710770
248,2627.147940
249,2610.898750
250,2638.203860
251,2616.613310
252,2616.741430
253,2620.750090
254,2604.847790
255,2621.122540
256,2611.108940
257,2610.512450
258,2622.714550
259,2621.555010
260,2610.287470
261,2611.762700
262,2610.878630
263,2602.558010
264,2609.141000
265,2609.974910
266,2608.970700
267,2598.967140
268,2614.632040
269,2610.695170
270,2603.720460
271,2589.588550
272,2583.857850
273,2593.678960
274,2592.154680
275,2591.332680
276,2595.487330
277,2592.374120
278,2582.074780
279,2580.366750
280,2579.619220
281,2588.589010
282,2573.799170
283,2575.519420
284,2583.912070
285,2581.155120
286,2568.842240
287,2569.500860
288,2571.193730
289,2566.436700
290,2565.572230
291,2582.862960
292,2570.045440
293,2552.152650
294,2551.407150
295,2554.791800
296,2546.232890
297,2557.888640
298,2555.997630
299,2550.998760
300,2557.297850
301,2550.211200
302,2540.737730
303,2547.019430
304,2544.519480
305,2542.175930
306,2542.460530
307,2547.106500
308,2540.798900
309,2529.513780
310,2538.311960
311,2537.717880
312,2531.073450
313,2518.333010
314,2519.295740
315,2535.604790
316,2526.760340
317,2525.560090
318,2516.953300
319,2524.728540
320,2513.186130
321,2509.234780
322,2516.591250
323,2508.528810
324,2518.629830
325,2518.312480
326,2507.455770
327,2510.312190
328,2510.133490
329,2509.752730
330,2512.714220
331,2497.208780
332,2494.865200
333,2493.833540
334,2497.899500
335,2510.175540
336,2499.585800
337,2497.911450
338,2494.058900
339,2484.176000
340,2484.970110
341,2490.035270
342,2482.104080
343,2480.177840
344,2483.137380
345,2492.622740
346,2472.540120
347,2489.402920
348,2467.149030
349,2479.466720
350,2470.259910
351,2480.370320
352,2474.726930
353,2475.385030
354,2464.949390
355,2462.638470
356,2459.958270
357,2463.306090
358,2469.542220
359,2465.957620
360,2455.305220
361,2462.786130
362,2454.373810
363,2448.509010
364,2453.808300
365,2449.312320
366,2452.085770
367,2451.763120
368,2457.891450
369,2452.421430
370,2447.601990
371,2435.836270
372,2442.621280
373,2435.112870
374,2431.890700
375,2444.003850
376,2433.813790
377,2433.432080
378,2432.981720
379,2437.566500
380,2433.279670
381,2434.294510
382,2424.875990
383,2425.249940
384,2424.309890
385,2418.709890
386,2423.608630
387,2415.447250
388,2421.519000
389,2411.584470
390,2415.473300
391,2409.924100
392,2410.059910
393,2412.324270
394,2408.718980
395,2407.214640
396,2404.962840
397,2402.276810
398,2407.530800
399,2390.335030
400,2400.053060
401,2387.135020
402,2402.128800
403,2391.727650
404,2399.259130
405,2387.084440
406,2389.211050
407,2384.176560
408,2383.508890
409,2388.622410
410,2385.616530
411,2387.703450
412,2390.080880
413,2383.750900
414,2378.378780
415,2378.289300
416,2372.324330
417,2373.437760
418,2371.650820
419,2367.413780
420,2357.996880
421,2366.830860
422,2366.695120
423,2369.047930
424,2364.585100
425,2364.505930
426,2348.061490
427,2353.666000
428,2361.721630
429,2362.061990
430,2366.822880
431,2354.101560
432,2354.587690
433,2349.356700
434,2356.029430
435,2351.578470
436,2349.229870
437,2340.454310
438,2345.167630
439,2343.807680
440,2342.555360
441,2339.259440
442,2345.302440
443,2336.988080
444,2332.791390
445,2322.292400
446,2327.792270
447,2331.986060
448,2328.083100
449,2317.189530
450,2326.437070
451,2327.987560
452,2318.912350
453,2318.685750
454,2321.493300
455,2320.921570
456,2316.280100
457,2321.138160
458,2307.802310
459,2314.595910
460,2306.432760
461,2296.378100
462,2309.493190
463,2315.280460
464,2308.968550
465,2305.560690
466,2297.886910
467,2296.078780
468,2309.541170
469,2289.786520
470,2291.698070
471,2297.643940
472,2301.259780
473,2291.786670
474,2297.049240
475,2290.497630
476,2283.487670
477,2286.853200
478,2274.810540
479,2292.894850
480,2285.743550
481,2276.843790
482,2273.421360
483,2284.444180
484,2284.217250
485,2274.094050
486,2270.588150
487,2265.287150
488,2277.051410
489,2271.906950
490,2265.922430
491,2269.734210
492,2271.916260
493,2258.061570
494,2255.347470
495,2261.933290
496,2252.395870
497,2257.326810
498,2252.437140
499,2256.291090
500,2244.913550
501,2246.369260
502,2254.810180
503,2252.952070
504,2250.615670
505,2240.603550
506,2246.116720
507,2243.394120
508,2241.101950
509,2243.647670
510,2241.457890
511,2236.944040
512,2236.930990
513,2223.792350
514,2230.699250
515,2228.754000
516,2240.744870
517,2231.386190
518,2218.595360
519,2216.605800
520,2221.205770
521,2213.980510
522,2228.022460
523,2212.193740
524,2220.151120
525,2223.961850
526,2213.793150
527,2216.472610
528,2211.671690
529,2211.459270
530,2203.883700
531,2205.538840
532,2201.874940
533,2204.046650
534,2207.194830
535,2200.333260
536,2203.322680
537,2192.201000
538,2189.032140
539,2192.588540
540,2187.757520
541,2187.959050
542,2198.042310
543,2178.671980
544,2181.410030
545,2185.724680
546,2179.459260
547,2184.203910
548,2171.224790
549,2180.331200
550,2178.329350
551,2175.144460
552,2182.987420
553,2174.409410
554,2164.942490
555,2162.605340
556,2155.434640
557,2168.309480
558,2163.087260
559,2154.954290
560,2157.287140
561,2162.415290
562,2160.636770
563,2161.732610
564,2163.184640
565,2150.459760
566,2144.401440
567,2155.318880
568,2148.827120
569,2146.053800
570,2142.664370
571,2144.071390
572,2137.008790
573,2142.531880
574,2127.547200
575,2136.773010
576,2131.113840
577,2141.581230
578,2133.802780
579,2130.728640
580,2137.699640
581,2137.258010
582,2125.000740
583,2128.418200
584,2135.524870
585,2125.027180
586,2121.409290
587,2117.643620
588,2108.047600
589,2113.735280
590,2122.020860
591,2114.944110
592,2113.618590
593,2107.274050
594,2119.429380
595,2103.984010
596,2101.261420
597,2103.467130
598,2097.852050
599,2105.610440
600,2109.689050
601,2092.753170
602,2099.453320
603,2095.205750
604,2095.471000
605,2098.213700
606,2088.941330
607,2092.485490
608,2092.407350
609,2089.556080
610,2080.429030
611,2088.002980
612,2074.653840
613,2085.110270
614,2077.299810
615,2075.141390
616,2083.006890
617,2072.528660
618,2077.768750
619,2061.141230
620,2082.677500
621,2063.371380
622,2077.130610
623,2065.563280
624,2073.125380
625,2061.537450
626,2063.347950
627,2058.221460
628,2054.558870
629,2064.490320
630,2057.178090
631,2053.932580
632,2056.065820
633,2053.436800
634,2042.237120
635,2052.859680
636,2049.108010
637,2053.353500
638,2048.238610
639,2038.579320
640,2048.432920
641,2047.916000
642,2038.173730
643,2041.610190
644,2035.286250
645,2038.699340
646,2035.242280
647,2029.247810
648,2029.109040
649,2032.710920
650,2025.250000
651,2021.335750
652,2024.930580
653,2027.088040
654,2019.912320
655,2006.303740
656,2020.619800
657,2007.138860
658,2012.616710
659,2009.634000
660,2011.885610
661,2005.703930
662,2000.441890
663,2007.465860
664,1998.359870
665,2002.451030
666,1996.935600
667,2002.872440
668,1998.523850
669,2002.973740
670,1997.161810
671,1996.059880
672,1992.598550
673,1993.325450
674,1996.050860
675,1980.079400
676,1992.560730
677,1988.932270
678,1990.706430
679,1981.102260
680,1979.527340
681,1976.397850
682,1977.141320
683,1971.757750
684,1969.039450
685,1972.557640
686,1975.890160
687,1974.434560
688,1966.529720
689,1966.294540
690,1965.230800
691,1954.643620
692,1965.053620
693,1969.985230
694,1964.049360
695,1960.442700
696,1951.961200
697,1959.079470
698,1956.883640
699,1952.560210
700,1955.912300
701,1951.430960
702,1951.079330
703,1950.347010
704,1949.612680
705,1952.030900
706,1941.526870
707,1939.702600
708,1933.973660
709,1941.882310
710,1945.428250
711,1938.866470
712,1939.649620
713,1931.231080
714,1928.389910
715,1936.437230
716,1932.827030
717,1931.493340
718,1922.623420
719,1920.971860
720,1926.868260
721,1919.588300
722,1924.374450
723,1924.773190
724,1914.943660
725,1911.723810
726,1903.240410
727,1915.784640
728,1908.656620
729,1906.791790
730,1908.731330
731,1898.045870
732,1902.138600
733,1904.012240
734,1899.051110
735,1898.565830
736,1893.765170
737,1891.211830
738,1890.326390
739,1896.549810
740,1891.566030
741,1890.216090
742,1888.592310
743,1890.170250
744,1879.964300
745,1874.211830
746,1889.520630
747,1875.108240
748,1888.314940
749,1879.070220
750,1880.088840
751,1872.463800
752,1873.342780
753,1867.750730
754,1868.541720
755,1867.198170
756,1867.832750
757,1869.557910
758,1863.692570
759,1860.672540
760,1855.156480
761,1859.546330
762,1861.962120
763,1856.832000
764,1857.368120
765,1857.843390
766,1851.714220
767,1851.558270
768,1845.431990
769,1849.151960
770,1846.035560
771,1835.978270
772,1835.719180
773,1837.000250
774,1840.422850
775,1838.048670
776,1837.612330
777,1829.597590
778,1836.029630
779,1835.269440
780,1829.203570
781,1832.083350
782,1824.347020
783,1825.517180
784,1828.337520
785,1823.575990
786,1823.081040
787,1828.413050
788,1817.608920
789,1821.622500
790,1813.661720
791,1819.811440
792,1813.533130
793,1806.292310
794,1806.979010
795,1809.060620
796,1811.432870
797,1803.742480
798,1801.560830
799,1805.536530
800,1798.704130
801,1795.065150
802,1814.674330
803,1796.301290
804,1796.657560
805,1795.514990
806,1788.331270
807,1795.161350
808,1790.238350
809,1784.317140
810,1782.307970
811,1790.552380
812,1782.276440
813,1781.762330
814,1778.557340
815,1777.773770
816,1771.323250
817,1781.920040
818,1769.862890
819,1770.729400
820,1771.225240
821,1774.808790
822,1768.715490
823,1771.460240
824,1763.937110
825,1768.120480
826,1767.163980
827,1758.875820
828,1760.956630
829,1763.481440
830,1756.415950
831,1752.943760
832,1753.317600
833,1748.784020
834,1749.577670
835,1742.961050
836,1746.678650
837,1740.395840
838,1745.462720
839,1739.783910
840,1733.056820
841,1748.357530
842,1736.350390
843,1738.459690
844,1735.056630
845,1741.707200
846,1727.253910
847,1728.428990
848,1728.923200
849,1735.326010
850,1729.684810
851,1725.236340
852,1723.087280
853,1719.146390
854,1714.858900
855,1719.720100
856,1715.760630
857,1714.034000
858,1710.830520
859,1716.000800
860,1708.965430
861,1701.758180
862,1706.671090
863,1700.731270
864,1711.346920
865,1701.231040
866,1704.975100
867,1700.901950
868,1708.152650
869,1699.027930
870,1692.231110
871,1691.269280
872,1693.363860
873,1696.344600
874,1688.192000
875,1683.290860
876,1685.116080
877,1684.623790
878,1695.557370
879,1685.518130
880,1680.271030
881,1681.873210
882,1677.806560
883,1677.790280
884,1665.957920
885,1677.199170
886,1667.790460
887,1676.257160
888,1672.869600
889,1668.247790
890,1667.718040
891,1660.603330
892,1664.247330
893,1659.836680
894,1662.175490
895,1656.668850
896,1652.908480
897,1655.646980
898,1657.257300
899,1648.716140
900,1648.999940
901,1651.004050
902,1653.972590
903,1642.863140
904,1649.055580
905,1640.663300
906,1638.318060
907,1643.967260
908,1637.215540
909,1634.296010
910,1631.303530
911,1632.836560
912,1633.455730
913,1631.638940
914,1623.758800
915,1621.576270
916,1631.869770
917,1622.211580
918,1621.341930
919,1623.110130
920,1618.595020
921,1619.305410
922,1615.215590
923,1612.887770
924,1606.991700
925,1617.059780
926,1610.320930
927,1608.099770
928,1608.668310
929,1601.751860
930,1612.143930
931,1602.220430
932,1606.071850
933,1600.022020
934,1600.588470
935,1597.868080
936,1589.828380
937,1594.686910
938,1593.091760
939,1589.228130
940,1596.823860
941,1592.856670
942,1588.752430
943,1583.951460
944,1584.723540
945,1582.670710
946,1580.448900
947,1576.984350
948,1579.570200
949,1571.012480
950,1572.342020
951,1574.370870
952,1567.001400
953,1582.592120
954,1568.437390
955,1570.937660
956,1565.057260
957,1565.154570
958,1561.204870
959,1559.351570
960,1568.084700
961,1555.920130
962,1564.513970
963,1556.593390
964,1554.632700
965,1554.289660
966,1548.432440
967,1555.937840
968,1555.227190
969,1550.437630
970,1550.226390
971,1542.482460
972,1547.016280
973,1543.726260
974,1540.218500
975,1542.693670
976,1530.305430
977,1532.347220
978,1532.370940
979,1537.217130
980,1526.745720
981,1527.403250
982,1527.095260
983,1530.468660
984,1524.867710
985,1524.850980
986,1516.993550
987,1515.831970
988,1513.304140
989,1520.709010
990,1518.763060
991,1515.986260
992,1515.554610
993,1515.712920
994,1513.728950
995,1510.318000
996,1498.835490
997,1506.607470
998,1508.486770
999,1498.296880
1000,1503.143410
1001,1506.446630
1002,1502.091030
1003,1503.715740
1004,1494.636780
1005,1489.819920
1006,1489.077070
1007,1493.457770
1008,1491.544680
1009,1481.678700
1010,1485.140960
1011,1483.169700
1012,1484.512620
1013,1483.452110
1014,1480.003900
1015,1481.491570
1016,1472.265140
1017,1480.092800
1018,1472.413300
1019,1471.796140
1020,1471.159760
1021,1471.537850
1022,1472.970910
1023,1469.573100
1024,1462.079920
1025,1459.881330
1026,1458.874650
1027,1459.886750
1028,1463.052240
1029,1463.752930
1030,1450.642380
1031,1457.591810
1032,1454.220730
1033,1449.749570
1034,1450.529920
1035,1454.216790
1036,1448.952800
1037,1445.420200
1038,1449.162360
1039,1442.613790
1040,1439.900640
1041,1444.587510
1042,1430.085940
1043,1430.678980
1044,1438.071670
1045,1432.760810
1046,1424.730870
1047,1431.359210
1048,1425.175430
1049,1422.754710
1050,1421.506290
1051,1431.643950
1052,1419.355610
1053,1418.060740
1054,1423.320240
1055,1419.750640
1056,1417.434840
1057,1413.017090
1058,1407.886710
1059,1412.646470
1060,1404.060260
1061,1410.116130
1062,1402.851950
1063,1407.563920
1064,1407.587930
1065,1401.543720
1066,1403.748780
1067,1400.009470
1068,1396.759170
1069,1402.494560
1070,1393.649710
1071,1398.870090
1072,1389.845650
1073,1395.904360
1074,1390.936870
1075,1388.825060
1076,1388.528090
1077,1383.531560
1078,1380.871540
1079,1388.313480
1080,1382.721320
1081,1384.895810
1082,1386.093680
1083,1371.846720
1084,1375.186610
1085,1371.601080
1086,1368.696910
1087,1369.514960
1088,1367.275560
1089,1368.190050
1090,1362.630610
1091,1369.848520
1092,1361.089720
1093,1365.132190
1094,1357.609270
1095,1354.609860
1096,1360.710890
1097,1355.849250
1098,1360.050410
1099,1354.181620
1100,1355.666920
1101,1349.626240
1102,1342.634720
1103,1351.089510
1104,1347.080880
1105,1339.875570
1106,1344.866210
1107,1340.821940
1108,1341.376980
1109,1339.025330
1110,1341.698700
1111,1340.253540
1112,1333.541900
1113,1327.020970
1114,1329.565360
1115,1331.620840
1116,1327.924770
1117,1325.820000
1118,1322.055940
1119,1321.658350
1120,1328.150130
1121,1318.733400
1122,1316.238090
1123,1319.750150
1124,1320.268200
1125,1311.811970
1126,1308.116380
1127,1311.312560
1128,1310.732240
1129,1308.083610
1130,1306.316770
1131,1296.471250
1132,1308.444230
1133,1297.354380
1134,1303.972980
1135,1299.916210
1136,1296.729590
1137,1291.270680
1138,1298.009920
1139,1296.445070
1140,1293.431380
1141,1286.322390
1142,1288.089140
1143,1280.771700
1144,1293.683810
1145,1282.851910
1146,1285.017860
1147,1277.537840
1148,1276.510970
1149,1276.399860
1150,1273.922040
1151,1275.588500
1152,1274.715740
1153,1270.863480
1154,1273.694740
1155,1272.709410
1156,1269.499240
1157,1270.156900
1158,1265.018120
1159,1262.600430
1160,1258.896710
1161,1263.670850
1162,1256.033390
1163,1256.470290
1164,1256.236890
1165,1254.575770
1166,1250.260310
1167,1248.573790
1168,1253.481910
1169,1248.019830
1170,1250.120640
1171,1240.459350
1172,1243.348290
1173,1240.656290
1174,1241.689820
1175,1238.404160
1176,1234.479470
1177,1233.172340
1178,1233.468350
1179,1228.190900
1180,1231.388550
1181,1227.749450
1182,1229.866030
1183,1224.531910
1184,1227.533130
1185,1219.285300
1186,1224.255020
1187,1221.456470
1188,1217.411400
1189,1217.756850
1190,1213.829340
1191,1217.266880
1192,1214.687730
1193,1213.147200
1194,1211.256170
1195,1209.055040
1196,1203.833840
1197,1206.100320
1198,1212.264300
1199,1208.538110
1200,1201.903660
1201,1198.403430
1202,1201.636170
1203,1197.976170
1204,1200.391160
1205,1191.918330
1206,1190.282280
1207,1188.788940
1208,1188.475310
1209,1186.643650
1210,1185.268550
1211,1188.983470
1212,1188.136380
1213,1183.226070
1214,1177.182610
1215,1180.250830
1216,1172.328570
1217,1169.063000
1218,1175.015690
1219,1170.444290
1220,1173.916620
1221,1171.194230
1222,1171.642620
1223,1170.151770
1224,1166.291670
1225,1161.988890
1226,1161.872710
1227,1162.944070
1228,1162.391350
1229,1156.012360
1230,1156.516320
1231,1160.695090
1232,1150.022100
1233,1149.656750
1234,1155.039490
1235,1149.925530
1236,1139.916070
1237,1145.596350
1238,1138.838520
1239,1146.152880
1240,1145.479600
1241,1144.438120
1242,1135.180090
1243,1132.627430
1244,1132.782580
1245,1137.510840
1246,1135.653500
1247,1133.072090
1248,1130.382020
1249,1128.665020
1250,1122.064060
1251,1119.560920
1252,1122.909200
1253,1122.628510
1254,1125.933970
1255,1122.207950
1256,1121.203060
1257,1117.479540
1258,1110.210550
1259,1113.978820
1260,1109.875340
1261,1110.656630
1262,1110.364220
1263,1108.313410
1264,1107.074970
1265,1107.147390
1266,1105.065420
1267,1105.292260
1268,1103.078050
1269,1100.263330
1270,1095.906550
1271,1094.027550
1272,1091.248660
1273,1093.035790
1274,1089.357980
1275,1089.991630
1276,1090.988600
1277,1085.854250
1278,1080.907400
1279,1083.372550
1280,1078.346210
1281,1081.466250
1282,1074.536030
1283,1075.849810
1284,1076.622690
1285,1068.910390
1286,1069.265590
1287,1071.964300
1288,1066.800930
1289,1064.396480
1290,1068.809610
1291,1064.151670
1292,1063.049380
1293,1066.739780
1294,1059.193260
1295,1056.800560
1296,1056.519880
1297,1055.907160
1298,1055.253360
1299,1055.910460
1300,1053.768860
1301,1047.923510
1302,1047.898560
1303,1050.369970
1304,1048.624500
1305,1043.957770
1306,1042.021050
1307,1034.106560
1308,1043.353020
1309,1036.087870
1310,1038.281890
1311,1036.204530
1312,1029.583460
1313,1030.825800
1314,1031.758480
1315,1027.045040
1316,1025.743150
1317,1022.723530
1318,1026.944920
1319,1028.222830
1320,1021.198970
1321,1017.981950
1322,1014.381340
1323,1016.038020
1324,1013.941320
1325,1012.439160
1326,1014.424390
1327,1010.057600
1328,1012.031610
1329,1007.497500
1330,1008.814480
1331,1004.187250
1332,1004.229710
1333,996.140330
1334,1001.483830
1335,1002.369630
1336,997.113660
1337,996.265510
1338,995.079040
1339,995.945110
1340,994.470800
1341,986.706830
1342,990.613710
1343,986.575330
1344,984.697580
1345,982.207380
1346,983.164510
1347,980.165340
1348,979.015690
1349,979.531590
1350,970.712080
1351,976.233190
1352,970.899930
1353,975.324820
1354,968.797320
1355,970.266380
1356,967.153920
1357,969.062930
1358,960.772100
1359,962.683380
1360,960.948770
1361,959.811790
1362,957.611700
1363,955.462910
1364,955.125920
1365,954.538440
1366,954.879230
1367,951.393040
1368,947.930550
1369,945.722260
1370,946.196180
1371,942.910760
1372,945.216070
1373,941.929370
1374,942.745320
1375,939.189050
1376,936.107670
1377,935.730470
1378,935.972900
1379,933.596630
1380,927.766630
1381,930.906460
1382,926.036980
1383,926.143820
1384,921.091120
1385,923.624890
1386,923.141540
1387,923.164340
1388,919.146890
1389,914.093890
1390,912.872670
1391,918.298870
1392,915.202260
1393,912.603960
1394,909.551820
1395,908.520240
1396,904.511470
1397,908.637350
1398,905.279420
1399,901.090300
1400,902.483910
1401,902.836710
1402,892.954070
1403,898.992530
1404,893.831970
1405,897.124950
1406,890.690250
1407,887.941980
1408,887.886770
1409,890.298400
1410,885.742540
1411,884.810330
1412,883.955600
1413,881.110890
1414,879.810130
1415,879.474840
1416,874.625320
1417,874.375030
1418,870.618330
1419,871.845170
1420,870.787440
1421,870.493180
1422,866.112580
1423,866.031670
1424,869.035310
1425,861.891620
1426,862.062910
1427,860.276260
1428,860.588590
1429,857.857130
1430,857.238250
1431,851.366720
1432,850.487350
1433,850.971370
1434,849.977880
1435,848.723280
1436,851.988340
1437,843.330770
1438,844.177510
1439,843.159640
1440,840.779210
1441,840.324430
1442,835.757550
1443,836.497500
1444,835.861370
1445,832.445420
1446,831.822700
1447,831.777210
1448,829.362230
1449,827.452690
1450,829.220350
1451,824.353290
1452,825.300800
1453,821.687300
1454,822.129880
1455,819.351330
1456,819.113040
1457,814.496370
1458,815.167210
1459,810.586030
1460,810.318220
1461,806.355980
1462,810.059010
1463,806.586090
1464,808.188600
1465,803.535310
1466,803.849440
1467,802.316620
1468,801.085630
1469,797.732560
1470,796.627170
1471,797.649280
1472,791.240060
1473,788.689220
1474,791.698400
1475,789.844340
1476,791.196520
1477,786.028090
1478,784.855590
1479,785.230920
1480,780.161080
1481,779.337820
1482,780.387980
1483,775.762650
1484,774.158870
1485,775.808910
1486,773.043900
1487,770.437820
1488,766.788450
1489,765.058020
1490,764.360070
1491,766.309270
1492,761.943320
1493,761.072000
1494,761.374140
1495,760.888430
1496,760.305550
1497,754.561000
1498,753.900430
1499,749.902530
1500,750.872250
1501,752.389470
1502,749.176810
1503,745.654200
1504,744.544930
1505,742.060080
1506,742.004310
1507,740.430170
1508,740.519160
1509,738.748090
1510,738.076880
1511,738.601920
1512,729.334250
1513,735.048300
1514,731.648740
1515,727.597140
1516,724.720240
1517,725.272080
1518,725.589910
1519,725.216030
1520,719.527580
1521,721.355260
1522,716.898920
1523,714.857480
1524,716.846490
1525,713.296400
1526,714.474550
1527,710.431440
1528,708.494330
1529,709.494880
1530,706.834930
1531,703.279870
1532,707.118520
1533,701.400960
1534,702.593050
1535,698.417510
1536,697.911950
1537,699.807210
1538,695.205410
1539,692.455310
1540,692.136830
1541,692.280040
1542,690.684090
1543,686.763120
1544,688.579630
1545,681.509170
1546,682.625940
1547,677.993210
1548,677.377430
1549,676.758680
1550,677.964430
1551,670.498260
1552,675.006090
1553,671.279140
1554,668.475600
1555,669.623150
1556,666.249330
1557,667.780290
1558,666.393690
1559,664.097290
1560,659.909390
1561,660.834280
1562,659.404980
1563,658.735120
1564,655.325940
1565,655.907470
1566,652.894530
1567,648.685370
1568,651.217250
1569,648.670210
1570,646.510300
1571,645.104410
1572,642.075890
1573,643.854990
1574,641.764950
1575,640.926500
1576,638.557860
1577,636.024760
1578,631.275260
1579,632.642930
1580,632.450830
1581,631.430280
1582,629.457460
1583,628.125640
1584,625.549900
1585,621.467720
1586,621.684310
1587,620.765140
1588,620.759620
1589,617.261230
1590,616.189850
1591,616.648290
1592,612.346370
1593,611.482030
1594,607.712610
1595,606.564750
1596,605.559470
1597,605.731910
1598,604.874010
1599,605.013850
1600,601.113980
1601,599.523490
1602,595.472130
1603,597.522030
1604,593.132200
1605,593.447760
1606,593.920950
1607,591.516220
1608,589.253100
1609,586.688730
1610,589.936690
1611,583.127750
1612,584.495220
1613,581.824550
1614,578.069630
1615,580.191960
1616,577.643430
1617,575.710580
1618,577.444370
1619,573.555630
1620,572.659860
1621,571.605820
1622,570.742760
1623,565.656900
1624,566.596910
1625,564.935440
1626,562.521940
1627,561.946890
1628,557.964610
1629,558.210130
1630,557.264580
1631,553.023270
1632,553.986420
1633,551.648890
1634,551.583830
1635,550.174480
1636,546.925040
1637,547.753350
1638,543.942740
1639,543.785000
1640,542.595720
1641,539.277280
1642,537.891620
1643,535.505350
1644,535.952410
1645,533.799040
1646,532.520790
1647,530.928880
1648,528.949260
1649,528.102660
1650,524.067090
1651,524.378700
1652,522.557900
1653,522.212910
1654,520.062240
1655,520.542020
1656,517.447740
1657,515.092310
1658,515.481770
1659,512.831840
1660,510.429230
1661,509.323490
1662,508.349500
1663,507.698280
1664,505.958070
1665,500.919310
1666,502.641820
1667,503.459050
1668,499.685880
1669,497.395920
1670,494.740010
1671,494.940920
1672,494.608090
1673,491.767670
1674,490.280490
1675,488.173240
1676,485.722090
1677,485.483060
1678,483.252800
1679,483.051740
1680,480.448210
1681,478.992580
1682,478.521320
1683,475.613830
1684,474.845570
1685,472.220030
1686,471.447820
1687,471.039900
1688,469.559000
1689,468.904100
1690,467.786960
1691,463.230220
1692,463.471110
1693,460.421490
1694,458.583430
1695,458.764850
1696,457.047720
1697,454.749530
1698,455.894670
1699,454.008160
1700,451.259480
1701,449.969660
1702,447.108150
1703,448.483750
1704,444.301450
1705,443.002140
1706,442.827980
1707,441.058000
1708,438.533330
1709,435.902800
1710,436.290930
1711,435.126810
1712,434.653380
1713,431.013240
1714,429.922680
1715,428.922630
1716,424.861410
1717,426.543160
1718,422.584670
1719,423.345360
1720,421.008780
1721,419.328280
1722,418.717910
1723,417.713390
1724,414.075380
1725,413.501540
1726,412.442770
1727,411.507660
1728,409.126390
1729,407.576470
1730,407.526830
1731,402.906530
1732,403.485470
1733,401.747240
1734,402.116070
1735,398.001770
1736,397.252550
1737,395.458080
1738,395.408970
1739,392.054580
1740,393.243500
1741,390.488680
1742,390.239860
1743,385.539130
1744,386.453480
1745,383.345340
1746,382.515410
1747,381.611000
1748,378.916280
1749,376.516130
1750,376.589860
1751,375.352470
1752,373.061400
1753,370.524010
1754,369.848650
1755,369.749320
1756,368.404600
1757,365.221630
1758,365.969170
1759,362.054360
1760,363.144770
1761,359.454930
1762,358.199570
1763,357.758190
1764,355.474000
1765,352.313820
1766,353.830450
1767,349.656380
1768,349.789560
1769,349.774600
1770,347.480590
1771,344.890080
1772,344.346530
1773,341.412140
1774,340.471020
1775,341.032550
1776,338.661110
1777,335.660490
1778,334.105900
1779,332.751170
1780,332.092920
1781,328.534110
1782,328.851600
1783,326.445320
1784,324.632180
1785,324.003880
1786,322.555230
1787,320.698900
1788,320.252520
1789,317.726710
1790,315.743980
1791,314.809910
1792,312.616780
1793,312.773750
1794,311.545110
1795,309.440110
1796,306.788010
1797,305.665050
1798,303.736740
1799,303.474550
1800,301.612590
1801,299.595460
1802,297.315740
1803,296.343430
1804,295.260170
1805,293.825640
1806,293.727350
1807,290.967810
1808,288.821020
1809,288.022800
1810,285.881430
1811,284.404630
1812,283.491240
1813,281.589570
1814,280.178270
1815,279.727460
1816,278.145760
1817,275.958070
1818,274.311210
1819,272.730130
1820,270.745380
1821,270.052690
1822,268.484290
1823,266.717730
1824,266.276690
1825,262.612310
1826,262.994620
1827,260.708760
1828,259.206850
1829,256.316540
1830,256.324000
1831,255.074990
1832,254.124560
1833,251.834280
1834,249.855320
1835,248.296660
1836,248.435380
1837,245.859550
1838,243.893570
1839,243.617510
1840,242.047820
1841,240.883710
1842,238.427150
1843,236.471410
1844,234.840130
1845,234.416220
1846,232.116070
1847,231.100900
1848,229.658940
1849,228.622940
1850,226.131960
1851,225.499880
1852,222.691640
1853,222.711710
1854,219.712990
1855,220.013700
1856,217.480430
1857,214.965220
1858,214.518890
1859,213.115680
1860,211.179180
1861,209.808960
1862,209.265500
1863,206.615380
1864,204.542340
1865,204.173640
1866,202.174940
1867,201.335180
1868,199.273620
1869,197.219680
1870,196.796370
1871,194.505070
1872,193.682480
1873,191.812600
1874,191.852920
1875,188.718580
1876,187.147140
1877,185.587700
1878,184.484530
1879,182.862110
1880,181.209110
1881,179.398270
1882,178.446330
1883,176.943170
1884,175.057540
1885,173.691130
1886,171.824220
1887,170.870760
1888,169.308920
1889,169.177190
1890,166.732470
1891,164.596410
1892,163.068560
1893,161.471220
1894,159.979460
1895,158.980450
1896,157.430340
1897,156.215510
1898,154.601130
1899,153.139980
1900,150.956260
1901,149.167140
1902,148.232500
1903,147.330160
1904,144.435330
1905,143.601750
1906,142.122190
1907,140.395700
1908,139.329760
1909,137.692320
1910,136.266360
1911,135.249230
1912,132.723780
1913,131.465690
1914,129.747560
1915,128.377110
1916,127.579020
1917,125.338110
1918,124.571270
1919,123.206150
1920,121.711820
1921,119.589990
1922,118.899440
1923,116.864460
1924,115.585830
1925,114.151860
1926,112.333390
1927,110.968930
1928,109.529600
1929,107.979200
1930,106.653510
1931,104.960400
1932,103.384880
1933,102.393660
1934,100.349790
1935,98.723730
1936,97.696640
1937,95.763340
1938,94.156340
1939,93.013280
1940,91.907440
1941,90.033240
1942,88.596570
1943,86.850370
1944,85.108250
1945,83.854830
1946,82.620270
1947,80.932790
1948,79.562070
1949,77.792010
1950,76.535830
1951,75.092400
1952,73.472770
1953,71.901500
1954,70.226420
1955,68.794790
1956,67.726510
1957,66.000390
1958,64.531610
1959,62.779140
1960,61.603830
1961,59.872190
1962,58.507300
1963,56.899560
1964,55.590240
1965,53.962300
1966,52.566810
1967,50.813180
1968,49.528030
1969,47.859710
1970,46.445540
1971,45.082530
1972,43.366300
1973,41.929990
1974,40.482920
1975,38.865160
1976,37.419210
1977,35.893180
1978,34.532230
1979,32.923350
1980,31.583340
1981,30.016110
1982,28.390570
1983,26.946980
1984,25.499570
1985,23.918190
1986,22.437900
1987,21.062980
1988,19.451830
1989,18.012960
1990,16.553740
1991,15.032090
1992,13.479430
1993,11.960530
1994,10.497050
1995,9.030610
1996,7.516870
1997,5.990800
1998,4.494650
1999,2.996140
2000,1.000000
