R,T
1,35472.847800
2,17815.726090
3,12204.329510
4,9643.160770
5,8315.428690
6,7567.978630
7,7054.715690
8,6767.538870
9,6562.491320
10,6432.216270
11,6333.893060
12,6234.557100
13,6204.492200
14,6146.166130
15,6143.873430
16,6101.896770
17,6090.410050
18,6049.734180
19,6021.815420
20,6063.068060
21,6021.229040
22,6029.368620
23,6037.666360
24,5991.553010
25,5994.108450
26,5977.445180
27,5988.687920
28,5970.713460
29,5982.183070
30,5967.918530
31,5977.818240
32,5988.679270
33,5954.060550
34,5970.292950
35,5952.469440
36,5947.670080
37,5968.996630
38,5966.886580
39,5929.254590
40,5949.204370
41,5944.936940
42,5942.361110
43,5952.471580
44,5919.662690
45,5939.375490
46,5944.640640
47,5929.686590
48,5930.789490
49,5906.429470
50,5944.540660
51,5932.014310
52,5953.728280
53,5924.262110
54,5933.778860
55,5910.397090
56,5929.256050
57,5917.866530
58,5935.466710
59,5921.254750
60,5897.606580
61,5905.972520
62,5918.971920
63,5906.269100
64,5918.878690
65,5892.241620
66,5879.259970
67,5894.589720
68,5897.910970
69,5910.512440
70,5885.430580
71,5875.831190
72,5885.304320
73,5891.737860
74,5897.626180
75,5880.503290
76,5876.830610
77,5888.405780
78,5926.243460
79,5887.978520
80,5871.430030
81,5910.402590
82,5861.362670
83,5882.872960
84,5867.813950
85,5902.277380
86,5861.224680
87,5879.538060
88,5845.937690
89,5865.609680
90,5887.578450
91,5871.303100
92,5855.867730
93,5855.104570
94,5859.760870
95,5847.159320
96,5850.349480
97,5879.047580
98,5825.480210
99,5846.012120
100,5846.935210
101,5848.240800
102,5831.405450
103,5841.947400
104,5849.994760
105,5862.842210
106,5833.921090
107,5838.997150
108,5852.432400
109,5846.826630
110,5842.378590
111,5835.914110
112,5864.355110
113,5814.160220
114,5842.190420
115,5804.795580
116,5820.929750
117,5818.136160
118,5829.850820
119,5815.047780
120,5829.282870
121,5822.866880
122,5799.031450
123,5822.657630
124,5807.342610
125,5822.118380
126,5791.728070
127,5833.588680
128,5805.070490
129,5810.593770
130,5790.292040
131,5821.608760
132,5795.202280
133,5831.450320
134,5766.001960
135,5789.384430
136,5807.469380
137,5784.359570
138,5777.602970
139,5806.349410
140,5789.713130
141,5766.449160
142,5781.832710
143,5801.574140
144,5766.176410
145,5800.375310
146,5790.285180
147,5758.458170
148,5769.911730
149,5781.535670
150,5733.221920
151,5794.209650
152,5762.305820
153,5784.744470
154,5784.495100
155,5780.171370
156,5759.072560
157,5763.429860
158,5778.076620
159,5770.277700
160,5769.570650
161,5766.553280
162,5764.189070
163,5751.258090
164,5771.029780
165,5783.215920
166,5774.983860
167,5728.146760
168,5735.461210
169,5717.604520
170,5738.082240
171,5764.260770
172,5727.733300
173,5735.318990
174,5754.413830
175,5748.774790
176,5740.801990
177,5736.000370
178,5729.037370
179,5720.567000
180,5753.529140
181,5746.246170
182,5716.336640
183,5736.462760
184,5708.030180
185,5714.805790
186,5696.016260
187,5705.499920
188,5720.886800
189,5715.791920
190,5721.576210
191,5689.027530
192,5707.946830
193,5713.684480
194,5697.415200
195,5696.477990
196,5721.182760
197,5699.327260
198,5690.597260
199,5707.460270
200,5717.935240
201,5681.400340
202,5671.993500
203,5689.253720
204,5680.487280
205,5684.121670
206,5715.349070
207,5689.223200
208,5681.304600
209,5683.158910
210,5693.115160
211,5705.933400
212,5685.764430
213,5695.305340
214,5694.565380
215,5691.318510
216,5672.267650
217,5650.094210
218,5699.737190
219,5683.151830
220,5660.362150
221,5680.344700
222,5644.073090
223,5681.388580
224,5685.482610
225,5660.555750
226,5671.398300
227,5663.724020
228,5645.870300
229,5675.779240
230,5652.633700
231,5655.641740
232,5657.921620
233,5640.584410
234,5637.171770
235,5651.242050
236,5663.758420
237,5635.728880
238,5649.280440
239,5659.048870
240,5661.307180
241,5641.390260
242,5651.201270
243,5647.380400
244,5638.125170
245,5622.568480
246,5605.544100
247,5621.357680
248,5632.734540
249,5635.786370
250,5642.728880
251,5635.223220
252,5609.792540
253,5626.933710
254,5621.480070
255,5624.316570
256,5596.268610
257,5627.135290
258,5622.260530
259,5613.086200
260,5608.419860
261,5645.072140
262,5615.693070
263,5585.646890
264,5603.097300
265,5624.718150
266,5613.408540
267,5620.433450
268,5577.346620
269,5587.794890
270,5591.379800
271,5599.547000
272,5598.511310
273,5587.251830
274,5569.480150
275,5600.382680
276,5588.012540
277,5589.817710
278,5585.047170
279,5603.013390
280,5577.381770
281,5587.754360
282,5587.586070
283,5584.389610
284,5565.748570
285,5552.542560
286,5570.073650
287,5575.011720
288,5559.253410
289,5559.135480
290,5545.040780
291,5559.592060
292,5546.260410
293,5583.975130
294,5583.546130
295,5577.098050
296,5551.528550
297,5548.705340
298,5522.653260
299,5560.927860
300,5555.025060
301,5552.005120
302,5559.671300
303,5565.695340
304,5546.575510
305,5525.061600
306,5544.443420
307,5552.510160
308,5549.417000
309,5524.632890
310,5553.298620
311,5523.241970
312,5541.599270
313,5520.204320
314,5554.975260
315,5546.472200
316,5527.849990
317,5520.279010
318,5526.325760
319,5536.726050
320,5512.153400
321,5487.903540
322,5502.170970
323,5506.152930
324,5495.869030
325,5518.550320
326,5511.616220
327,5502.528290
328,5510.355460
329,5521.437790
330,5488.804720
331,5513.381250
332,5516.267430
333,5482.079700
334,5481.353610
335,5467.278600
336,5509.071350
337,5503.855280
338,5512.064360
339,5509.525260
340,5486.660030
341,5490.408040
342,5478.345520
343,5493.513430
344,5478.050560
345,5503.257280
346,5492.018020
347,5480.071720
348,5484.457480
349,5500.275770
350,5465.714500
351,5470.390650
352,5476.223750
353,5464.638120
354,5471.703940
355,5467.997900
356,5453.920180
357,5470.224990
358,5469.349840
359,5448.743350
360,5442.614410
361,5470.467970
362,5480.874300
363,5447.977300
364,5477.601130
365,5453.605120
366,5453.891630
367,5465.154200
368,5430.128040
369,5438.122390
370,5446.841680
371,5468.074390
372,5447.740450
373,5437.503400
374,5474.008850
375,5428.105530
376,5423.558580
377,5436.068740
378,5458.645700
379,5449.929070
380,5415.344500
381,5429.691860
382,5427.947800
383,5427.889990
384,5428.150990
385,5430.959490
386,5436.258940
387,5402.279150
388,5426.043740
389,5437.003030
390,5425.243920
391,5409.807970
392,5414.801580
393,5412.970690
394,5403.813000
395,5402.365280
396,5393.881910
397,5414.953060
398,5370.906610
399,5388.616560
400,5419.763100
401,5388.266400
402,5390.158160
403,5399.572200
404,5372.114730
405,5393.809890
406,5385.343510
407,5372.624010
408,5382.467250
409,5398.297170
410,5402.584400
411,5383.892830
412,5365.531750
413,5391.999860
414,5374.016310
415,5385.285080
416,5382.067910
417,5376.478760
418,5349.446210
419,5360.226810
420,5374.228230
421,5372.835040
422,5364.435460
423,5362.651300
424,5353.015250
425,5376.025430
426,5366.860330
427,5341.756670
428,5373.714760
429,5353.912830
430,5340.185530
431,5357.162580
432,5367.456430
433,5362.385050
434,5375.545160
435,5364.731160
436,5347.384240
437,5335.735260
438,5340.331990
439,5344.998220
440,5351.323460
441,5362.056120
442,5312.747050
443,5348.119810
444,5346.863510
445,5339.431200
446,5336.880230
447,5346.919600
448,5345.738940
449,5339.376010
450,5343.121570
451,5340.799430
452,5328.320040
453,5326.574270
454,5334.870960
455,5334.961870
456,5328.941200
457,5311.827490
458,5317.437680
459,5318.785290
460,5317.253420
461,5292.518870
462,5312.208450
463,5293.770680
464,5302.398740
465,5309.924160
466,5305.457860
467,5324.598270
468,5300.041110
469,5286.381540
470,5309.469300
471,5289.870810
472,5293.737820
473,5294.910670
474,5300.672130
475,5268.776100
476,5295.326930
477,5269.517540
478,5294.335540
479,5291.629030
480,5291.900510
481,5262.168970
482,5271.200770
483,5262.810920
484,5278.357050
485,5295.584270
486,5286.455560
487,5265.083490
488,5275.560020
489,5268.726640
490,5281.529980
491,5275.567880
492,5254.433530
493,5269.187130
494,5245.065850
495,5261.329450
496,5245.102220
497,5257.076680
498,5243.392050
499,5245.631000
500,5230.346040
501,5265.870550
502,5257.222930
503,5231.907940
504,5252.435080
505,5245.896660
506,5246.724250
507,5226.132680
508,5240.417360
509,5243.640120
510,5238.104000
511,5234.765510
512,5235.062160
513,5235.899640
514,5213.605810
515,5233.108810
516,5230.636970
517,5218.155290
518,5211.839870
519,5246.918690
520,5207.151210
521,5222.261570
522,5214.952410
523,5228.060860
524,5213.011130
525,5199.747080
526,5189.785600
527,5213.322940
528,5213.564330
529,5196.775010
530,5206.948120
531,5201.495690
532,5205.913510
533,5188.956880
534,5199.130050
535,5219.915710
536,5202.203650
537,5204.778250
538,5196.820100
539,5183.857050
540,5200.078570
541,5188.674300
542,5195.086710
543,5207.732140
544,5177.745160
545,5158.607620
546,5185.421520
547,5186.519520
548,5177.564680
549,5180.998640
550,5171.098780
551,5185.653880
552,5174.727760
553,5200.848580
554,5168.625820
555,5174.885590
556,5187.667990
557,5165.673140
558,5167.021800
559,5177.228050
560,5161.872890
561,5163.789600
562,5163.632160
563,5168.260840
564,5151.588530
565,5120.248810
566,5158.077410
567,5157.405520
568,5145.538110
569,5152.799660
570,5148.909140
571,5127.133420
572,5138.331220
573,5130.379650
574,5123.541800
575,5141.924620
576,5144.975370
577,5145.027360
578,5107.760460
579,5143.593490
580,5114.564300
581,5143.038920
582,5149.440310
583,5117.996930
584,5108.659110
585,5128.340970
586,5109.310370
587,5117.613500
588,5101.413910
589,5125.840460
590,5138.346250
591,5109.483720
592,5127.015120
593,5130.741940
594,5107.681400
595,5114.142440
596,5105.146890
597,5103.773770
598,5107.332030
599,5093.892750
600,5096.091340
601,5090.943940
602,5111.984790
603,5098.357420
604,5096.800010
605,5101.344920
606,5067.502160
607,5100.576820
608,5098.187360
609,5092.464350
610,5079.392180
611,5072.966260
612,5080.909860
613,5077.403590
614,5070.618190
615,5072.800110
616,5073.455520
617,5086.239780
618,5066.440570
619,5069.751590
620,5086.176970
621,5062.614690
622,5059.871300
623,5062.875300
624,5075.578360
625,5069.314970
626,5058.956910
627,5063.080560
628,5052.506030
629,5032.768440
630,5058.012920
631,5055.788590
632,5051.961380
633,5039.688510
634,5054.142510
635,5039.358780
636,5050.592210
637,5058.446020
638,5041.490480
639,5059.422440
640,5031.636890
641,5029.454120
642,5020.840370
643,5020.893230
644,5023.709950
645,5050.127900
646,5025.621500
647,5021.090800
648,5021.276230
649,5032.325640
650,5014.254200
651,5019.524200
652,5028.655850
653,5023.250010
654,5043.151370
655,5033.174460
656,5032.440570
657,5006.987320
658,4991.284360
659,5010.660790
660,5000.057950
661,5015.126290
662,4994.722320
663,4994.575100
664,5001.773390
665,5003.960570
666,4995.141290
667,5025.048490
668,4992.310930
669,5015.489260
670,4984.513090
671,5000.667780
672,4985.087430
673,4976.050860
674,4996.654450
675,4985.577170
676,4972.692290
677,4978.339610
678,4998.241120
679,4989.250610
680,4968.081750
681,4980.726440
682,4981.816690
683,4970.588320
684,5001.732520
685,4983.050620
686,4994.917320
687,4982.392740
688,4978.553810
689,4963.660170
690,4961.390470
691,4970.634870
692,4964.308560
693,4973.790390
694,4953.345330
695,4968.941210
696,4959.280960
697,4942.710510
698,4936.777700
699,4958.415590
700,4938.670830
701,4941.618310
702,4960.521770
703,4937.994610
704,4957.473320
705,4932.500250
706,4929.494340
707,4954.506890
708,4953.849370
709,4919.127580
710,4939.493950
711,4929.820910
712,4928.396670
713,4937.980870
714,4925.486620
715,4929.170800
716,4935.033990
717,4933.611780
718,4916.479300
719,4903.902910
720,4914.221860
721,4926.412530
722,4943.991510
723,4920.835500
724,4911.162150
725,4911.634230
726,4899.123720
727,4918.004420
728,4937.256870
729,4914.493180
730,4907.405040
731,4916.272860
732,4892.786760
733,4885.851210
734,4878.223830
735,4902.227100
736,4903.802110
737,4884.582850
738,4904.963900
739,4879.709850
740,4864.995480
741,4901.695060
742,4874.219140
743,4906.666720
744,4884.241350
745,4888.032780
746,4884.695660
747,4866.509730
748,4848.033830
749,4877.242110
750,4867.836920
751,4878.013610
752,4857.496220
753,4873.828690
754,4877.693500
755,4844.325990
756,4862.052510
757,4872.837710
758,4884.463870
759,4864.372310
760,4872.253040
761,4856.984190
762,4855.205170
763,4858.381500
764,4859.864260
765,4830.942040
766,4869.659020
767,4851.343510
768,4837.576240
769,4858.388450
770,4825.607570
771,4833.113700
772,4827.989450
773,4875.006920
774,4830.829920
775,4839.768270
776,4840.442150
777,4840.729290
778,4816.337540
779,4837.851410
780,4827.499760
781,4850.087720
782,4832.034260
783,4820.357870
784,4844.847820
785,4828.547730
786,4839.616210
787,4831.354680
788,4814.784710
789,4797.247070
790,4838.511230
791,4805.030380
792,4805.740270
793,4811.212860
794,4800.393890
795,4806.471710
796,4807.604980
797,4785.667700
798,4799.668320
799,4816.524420
800,4800.082130
801,4810.782790
802,4792.452170
803,4816.717270
804,4786.699120
805,4809.088890
806,4799.670260
807,4801.684930
808,4796.663970
809,4815.440340
810,4803.986940
811,4780.317560
812,4777.946210
813,4763.391650
814,4780.233340
815,4775.362180
816,4763.498570
817,4782.762580
818,4784.718960
819,4770.081540
820,4784.358770
821,4781.172820
822,4777.219210
823,4768.933620
824,4759.773130
825,4769.002840
826,4756.010170
827,4763.640380
828,4747.281690
829,4764.303640
830,4747.469530
831,4788.047410
832,4761.567770
833,4745.400040
834,4740.114060
835,4739.147300
836,4743.614250
837,4740.677580
838,4773.777030
839,4755.062620
840,4733.906250
841,4744.269030
842,4761.299280
843,4749.535920
844,4750.972030
845,4747.219680
846,4709.095170
847,4742.003550
848,4726.086950
849,4730.866460
850,4726.553730
851,4720.155190
852,4732.295790
853,4718.675870
854,4714.315780
855,4718.287780
856,4702.303000
857,4719.840760
858,4714.248570
859,4718.383070
860,4703.174320
861,4704.832330
862,4728.088390
863,4699.937040
864,4704.026160
865,4706.154150
866,4679.046520
867,4717.352070
868,4703.768590
869,4695.727910
870,4684.984710
871,4686.627260
872,4702.605080
873,4693.920300
874,4686.853520
875,4703.145670
876,4705.133850
877,4681.232690
878,4678.864900
879,4693.286200
880,4691.654310
881,4682.047130
882,4676.367250
883,4675.659210
884,4668.836620
885,4664.409700
886,4677.664190
887,4654.256700
888,4675.012940
889,4665.206060
890,4678.158720
891,4659.732720
892,4675.099790
893,4671.657140
894,4661.834180
895,4649.631210
896,4653.818090
897,4661.368620
898,4651.852740
899,4641.571030
900,4682.103190
901,4663.063360
902,4642.371170
903,4640.402410
904,4649.898180
905,4632.360660
906,4615.078610
907,4644.308660
908,4633.074540
909,4630.210440
910,4642.238910
911,4669.704150
912,4640.504750
913,4637.559410
914,4642.079530
915,4618.604290
916,4628.259940
917,4627.449560
918,4609.500160
919,4628.310530
920,4621.826730
921,4595.350120
922,4614.647480
923,4615.592420
924,4603.157680
925,4618.412160
926,4634.235650
927,4598.887480
928,4603.010690
929,4599.877100
930,4603.750070
931,4611.190090
932,4598.963330
933,4622.957590
934,4596.947300
935,4596.805440
936,4589.404350
937,4595.555810
938,4600.303900
939,4594.448190
940,4600.639450
941,4566.697870
942,4587.496450
943,4575.615290
944,4572.788460
945,4583.832460
946,4565.092990
947,4583.943400
948,4599.344690
949,4564.701480
950,4584.576430
951,4578.857170
952,4547.582560
953,4567.511050
954,4551.969110
955,4568.931090
956,4560.754290
957,4561.535720
958,4570.930940
959,4559.623850
960,4563.965100
961,4562.652260
962,4557.223970
963,4542.632470
964,4554.623060
965,4541.030150
966,4538.726340
967,4565.433230
968,4540.636970
969,4555.916530
970,4536.007750
971,4542.363680
972,4548.153110
973,4521.224560
974,4527.128480
975,4549.686530
976,4550.653360
977,4539.477080
978,4535.663440
979,4529.411860
980,4526.006660
981,4530.212740
982,4514.587960
983,4523.792090
984,4531.381320
985,4523.650850
986,4516.130000
987,4528.450200
988,4522.346920
989,4512.272400
990,4507.283370
991,4495.419950
992,4514.003630
993,4501.166290
994,4508.927410
995,4516.645110
996,4485.272080
997,4517.143080
998,4499.970560
999,4517.284790
1000,4527.219490
1001,4501.744900
1002,4507.260230
1003,4502.895870
1004,4523.783020
1005,4488.904690
1006,4476.241110
1007,4513.687750
1008,4491.081240
1009,4494.321790
1010,4484.010430
1011,4494.574290
1012,4483.279570
1013,4478.317450
1014,4479.511180
1015,4462.909170
1016,4484.966640
1017,4483.487280
1018,4461.902520
1019,4468.251820
1020,4485.055660
1021,4472.381030
1022,4477.766220
1023,4470.688260
1024,4461.435980
1025,4459.057590
1026,4456.552800
1027,4463.291430
1028,4463.085190
1029,4469.637680
1030,4455.465200
1031,4451.345860
1032,4423.791930
1033,4471.806770
1034,4439.766470
1035,4445.667220
1036,4448.698510
1037,4425.787810
1038,4424.926240
1039,4447.349400
1040,4446.101950
1041,4435.692170
1042,4423.386060
1043,4432.866860
1044,4430.482570
1045,4454.791920
1046,4435.417390
1047,4438.449350
1048,4428.811380
1049,4438.410610
1050,4424.478960
1051,4429.750430
1052,4435.552000
1053,4427.747160
1054,4431.063100
1055,4441.764100
1056,4427.412170
1057,4422.204980
1058,4410.292150
1059,4410.151590
1060,4409.394990
1061,4419.723540
1062,4395.060600
1063,4412.911100
1064,4410.993060
1065,4406.881910
1066,4387.917870
1067,4412.459200
1068,4392.253590
1069,4394.305280
1070,4403.627350
1071,4383.371590
1072,4385.269200
1073,4402.355820
1074,4363.718500
1075,4385.965150
1076,4395.649170
1077,4382.519780
1078,4378.918440
1079,4381.236890
1080,4384.977180
1081,4381.141380
1082,4384.990710
1083,4366.000710
1084,4368.509170
1085,4364.384850
1086,4366.735550
1087,4366.791660
1088,4388.373110
1089,4373.471640
1090,4353.739470
1091,4356.706260
1092,4381.325310
1093,4351.212820
1094,4354.964900
1095,4348.458280
1096,4380.366010
1097,4345.736300
1098,4341.672420
1099,4344.566830
1100,4354.051220
1101,4356.946640
1102,4343.833390
1103,4349.809690
1104,4318.723270
1105,4341.053910
1106,4346.442830
1107,4361.090170
1108,4349.304080
1109,4346.823760
1110,4326.523460
1111,4314.372050
1112,4339.029030
1113,4340.549620
1114,4326.834100
1115,4324.706260
1116,4340.297190
1117,4328.718140
1118,4317.300720
1119,4339.841380
1120,4314.431620
1121,4328.312210
1122,4321.134460
1123,4315.774480
1124,4334.755000
1125,4321.348180
1126,4293.481960
1127,4316.139290
1128,4301.907410
1129,4317.535510
1130,4324.753930
1131,4300.903820
1132,4298.659430
1133,4326.184550
1134,4298.105410
1135,4319.268040
1136,4318.473460
1137,4299.195750
1138,4284.549840
1139,4284.441870
1140,4301.221330
1141,4289.439690
1142,4280.812180
1143,4294.613660
1144,4277.043700
1145,4291.863600
1146,4291.524100
1147,4282.258340
1148,4280.473880
1149,4275.924590
1150,4256.499100
1151,4265.796460
1152,4262.000400
1153,4283.205260
1154,4259.939480
1155,4287.313060
1156,4265.814070
1157,4258.296630
1158,4267.555400
1159,4251.146570
1160,4273.139460
1161,4247.629880
1162,4266.408340
1163,4271.479350
1164,4251.392670
1165,4243.626310
1166,4255.674320
1167,4247.748670
1168,4249.023110
1169,4228.959740
1170,4243.406350
1171,4237.121940
1172,4247.808670
1173,4231.297760
1174,4253.692230
1175,4234.456410
1176,4226.026260
1177,4205.550710
1178,4231.233480
1179,4229.381000
1180,4241.293690
1181,4231.880960
1182,4228.273680
1183,4217.679560
1184,4215.150990
1185,4217.855900
1186,4244.391010
1187,4217.840500
1188,4207.831660
1189,4211.958220
1190,4233.980400
1191,4214.456630
1192,4208.193860
1193,4215.581450
1194,4218.265330
1195,4199.386390
1196,4221.918720
1197,4220.334940
1198,4210.387140
1199,4197.895570
1200,4208.161760
1201,4189.946730
1202,4194.343920
1203,4204.603380
1204,4175.539560
1205,4180.990380
1206,4194.947670
1207,4192.722600
1208,4195.796350
1209,4182.615800
1210,4170.033490
1211,4177.493030
1212,4176.510030
1213,4198.666760
1214,4158.149980
1215,4187.155110
1216,4173.902380
1217,4181.377570
1218,4186.209990
1219,4176.995180
1220,4161.170180
1221,4171.014480
1222,4164.897980
1223,4159.941460
1224,4156.724090
1225,4179.512080
1226,4166.996470
1227,4163.099740
1228,4168.554530
1229,4145.541880
1230,4149.371280
1231,4139.939460
1232,4177.389290
1233,4169.245690
1234,4136.716020
1235,4154.877680
1236,4153.645270
1237,4135.829770
1238,4136.743330
1239,4143.860620
1240,4141.312360
1241,4152.063100
1242,4128.383510
1243,4129.364120
1244,4136.664010
1245,4129.622980
1246,4130.800610
1247,4134.521960
1248,4123.879260
1249,4134.937140
1250,4130.896650
1251,4124.834970
1252,4107.701370
1253,4126.908670
1254,4122.939190
1255,4126.469340
1256,4126.206140
1257,4122.493830
1258,4107.448660
1259,4117.465190
1260,4107.943540
1261,4122.420480
1262,4106.610830
1263,4107.372900
1264,4119.380200
1265,4100.001010
1266,4094.035540
1267,4103.268700
1268,4098.022800
1269,4101.130180
1270,4109.539760
1271,4097.192980
1272,4094.056130
1273,4102.030760
1274,4085.103850
1275,4083.845840
1276,4078.431110
1277,4072.167200
1278,4088.999090
1279,4066.248240
1280,4091.427720
1281,4071.525260
1282,4071.661300
1283,4077.317620
1284,4069.927230
1285,4079.370080
1286,4065.224680
1287,4072.644960
1288,4081.620930
1289,4076.723890
1290,4077.068750
1291,4061.593220
1292,4066.868630
1293,4047.491120
1294,4061.755650
1295,4064.339480
1296,4055.559580
1297,4056.090140
1298,4062.823970
1299,4067.102160
1300,4048.452870
1301,4040.981170
1302,4038.872060
1303,4040.795840
1304,4035.797490
1305,4019.132170
1306,4035.724810
1307,4039.077070
1308,4027.956320
1309,4035.572140
1310,4035.539710
1311,4041.689700
1312,4023.524850
1313,4031.116080
1314,4027.565030
1315,4033.734110
1316,4022.531780
1317,4022.478830
1318,4023.930790
1319,4011.714000
1320,4019.224040
1321,4013.150660
1322,4038.346650
1323,4021.651880
1324,4011.230890
1325,4014.746490
1326,4025.476540
1327,4005.602250
1328,4015.750210
1329,4012.833360
1330,3991.924520
1331,4012.083130
1332,4002.693100
1333,4020.538930
1334,4004.758140
1335,3995.753270
1336,3996.591260
1337,3997.590190
1338,4000.635440
1339,3981.139630
1340,3992.905850
1341,4000.921940
1342,3989.015020
1343,4004.751730
1344,3995.203400
1345,3986.058060
1346,3999.562880
1347,3965.517920
1348,3975.263900
1349,3986.333090
1350,3975.678460
1351,3981.868220
1352,3976.868520
1353,3961.294980
1354,3953.068510
1355,3980.816460
1356,3977.688900
1357,3963.972710
1358,3952.236960
1359,3966.989010
1360,3957.741340
1361,3960.304730
1362,3972.092380
1363,3960.053160
1364,3946.466560
1365,3932.160830
1366,3953.216100
1367,3953.778140
1368,3960.899030
1369,3943.367490
1370,3930.204310
1371,3950.466170
1372,3943.784050
1373,3941.016390
1374,3926.338140
1375,3927.712670
1376,3939.296550
1377,3932.416070
1378,3929.355000
1379,3918.080870
1380,3944.085970
1381,3922.900340
1382,3923.805680
1383,3922.873530
1384,3919.249140
1385,3901.700400
1386,3921.788010
1387,3922.157030
1388,3902.406850
1389,3930.680170
1390,3912.744870
1391,3890.514070
1392,3905.184920
1393,3911.878380
1394,3907.817600
1395,3934.798520
1396,3904.967580
1397,3903.138740
1398,3894.356720
1399,3884.845060
1400,3891.227070
1401,3887.502400
1402,3914.182530
1403,3905.417100
1404,3908.017430
1405,3877.934560
1406,3891.901850
1407,3887.892970
1408,3898.083590
1409,3881.315660
1410,3889.015550
1411,3878.477230
1412,3876.695300
1413,3876.373540
1414,3879.122640
1415,3871.795910
1416,3874.747760
1417,3862.165120
1418,3875.468340
1419,3860.911260
1420,3867.501860
1421,3860.941040
1422,3880.759030
1423,3869.562440
1424,3867.810420
1425,3878.493470
1426,3866.075710
1427,3868.558920
1428,3850.045770
1429,3851.313200
1430,3833.488400
1431,3862.569930
1432,3848.188030
1433,3866.945250
1434,3855.714630
1435,3840.277590
1436,3842.546340
1437,3835.350650
1438,3827.809730
1439,3831.335700
1440,3844.516850
1441,3851.210350
1442,3848.743710
1443,3846.674280
1444,3831.182070
1445,3827.045690
1446,3823.353390
1447,3811.260510
1448,3829.969590
1449,3822.815530
1450,3819.244630
1451,3815.386530
1452,3806.296990
1453,3826.896440
1454,3807.565730
1455,3823.373600
1456,3825.566890
1457,3820.460870
1458,3816.756620
1459,3816.601860
1460,3806.359800
1461,3805.405160
1462,3794.904440
1463,3800.125410
1464,3801.363750
1465,3805.766100
1466,3819.995280
1467,3801.462090
1468,3803.538480
1469,3823.462210
1470,3792.953580
1471,3803.045330
1472,3798.495450
1473,3810.650970
1474,3768.049810
1475,3785.583510
1476,3777.051970
1477,3785.398660
1478,3783.747260
1479,3793.724660
1480,3770.507040
1481,3777.451710
1482,3797.705390
1483,3774.072990
1484,3772.299040
1485,3757.391130
1486,3787.378250
1487,3779.266310
1488,3760.628230
1489,3764.026490
1490,3766.966700
1491,3747.993120
1492,3773.217870
1493,3753.950070
1494,3755.456120
1495,3753.625310
1496,3756.382100
1497,3749.705350
1498,3758.149300
1499,3752.691010
1500,3765.473590
1501,3751.070870
1502,3747.649420
1503,3740.922050
1504,3737.728380
1505,3723.544530
1506,3739.522580
1507,3726.847010
1508,3741.183740
1509,3727.837970
1510,3728.120280
1511,3745.996690
1512,3736.448230
1513,3726.084550
1514,3741.345200
1515,3721.357140
1516,3710.491380
1517,3720.193180
1518,3711.294130
1519,3730.887290
1520,3719.035010
1521,3713.568440
1522,3693.943720
1523,3719.070600
1524,3721.588500
1525,3726.674420
1526,3716.512390
1527,3715.350920
1528,3707.958980
1529,3701.646600
1530,3708.717190
1531,3698.570120
1532,3689.413690
1533,3703.950590
1534,3707.560940
1535,3710.585860
1536,3699.502220
1537,3714.013140
1538,3690.394680
1539,3695.701990
1540,3700.477150
1541,3703.096360
1542,3696.298310
1543,3682.326690
1544,3670.053290
1545,3695.207880
1546,3674.933760
1547,3664.064870
1548,3678.104480
1549,3679.003030
1550,3682.374380
1551,3659.441590
1552,3679.087240
1553,3665.384340
1554,3663.727580
1555,3662.202310
1556,3672.080910
1557,3665.486990
1558,3645.684630
1559,3668.156980
1560,3661.943830
1561,3648.311990
1562,3670.182580
1563,3648.577000
1564,3665.026610
1565,3655.524960
1566,3624.932660
1567,3639.959560
1568,3645.278370
1569,3645.047840
1570,3658.025220
1571,3646.217810
1572,3643.168250
1573,3633.519950
1574,3635.234300
1575,3655.237300
1576,3628.105390
1577,3629.244090
1578,3641.332390
1579,3636.791200
1580,3635.986630
1581,3631.699160
1582,3626.829080
1583,3619.323680
1584,3620.074430
1585,3622.743950
1586,3625.288750
1587,3637.661940
1588,3625.171640
1589,3605.153710
1590,3616.363120
1591,3630.314290
1592,3612.333860
1593,3617.132780
1594,3619.817350
1595,3595.471130
1596,3599.258180
1597,3619.506660
1598,3618.886250
1599,3611.264290
1600,3610.158010
1601,3595.265730
1602,3594.677970
1603,3594.205210
1604,3592.845270
1605,3587.663060
1606,3578.121160
1607,3580.582100
1608,3590.673900
1609,3587.983260
1610,3593.671970
1611,3583.928820
1612,3582.485180
1613,3578.964400
1614,3577.481900
1615,3578.758650
1616,3588.570390
1617,3566.812750
1618,3565.966280
1619,3582.180500
1620,3583.065690
1621,3576.470110
1622,3568.404830
1623,3578.857330
1624,3567.784680
1625,3569.098720
1626,3567.816950
1627,3553.008410
1628,3549.335850
1629,3547.742750
1630,3557.875440
1631,3563.737330
1632,3567.015110
1633,3538.910680
1634,3549.935900
1635,3554.518020
1636,3543.449160
1637,3541.578840
1638,3546.307080
1639,3548.506300
1640,3541.258910
1641,3551.717410
1642,3531.048060
1643,3544.072210
1644,3537.062510
1645,3524.381690
1646,3529.645560
1647,3534.385720
1648,3524.311260
1649,3531.447320
1650,3532.394910
1651,3530.809880
1652,3538.302800
1653,3523.399420
1654,3517.011370
1655,3517.031510
1656,3513.480410
1657,3511.005670
1658,3513.433350
1659,3516.820770
1660,3511.075050
1661,3509.562600
1662,3512.077490
1663,3514.485970
1664,3499.094960
1665,3499.841240
1666,3508.362150
1667,3484.202920
1668,3493.559460
1669,3489.739690
1670,3489.043890
1671,3493.744670
1672,3492.958000
1673,3484.366770
1674,3480.756790
1675,3492.900510
1676,3485.104170
1677,3483.268670
1678,3483.895130
1679,3488.889530
1680,3486.012730
1681,3481.068900
1682,3495.249890
1683,3479.973460
1684,3472.880580
1685,3484.938200
1686,3474.715070
1687,3457.377950
1688,3457.269940
1689,3462.931730
1690,3459.254290
1691,3467.214380
1692,3459.306780
1693,3449.451650
1694,3463.572720
1695,3455.713450
1696,3445.033360
1697,3458.346360
1698,3449.758770
1699,3464.500910
1700,3455.951230
1701,3443.442810
1702,3456.790880
1703,3461.198390
1704,3439.581040
1705,3449.289040
1706,3440.464450
1707,3426.425460
1708,3438.640840
1709,3441.514260
1710,3459.913260
1711,3433.859550
1712,3425.793620
1713,3433.868850
1714,3422.774730
1715,3422.326480
1716,3430.067500
1717,3422.129250
1718,3428.992160
1719,3419.282960
1720,3416.419180
1721,3417.226170
1722,3427.802790
1723,3411.220390
1724,3408.514510
1725,3415.318930
1726,3408.211850
1727,3401.864070
1728,3409.642430
1729,3394.158230
1730,3403.968350
1731,3402.170960
1732,3407.443750
1733,3412.540220
1734,3400.927890
1735,3393.544660
1736,3392.236700
1737,3394.234580
1738,3389.676640
1739,3385.006810
1740,3384.810260
1741,3382.981000
1742,3377.639170
1743,3400.154330
1744,3392.238360
1745,3390.468900
1746,3387.089340
1747,3377.013310
1748,3378.818600
1749,3382.372830
1750,3395.459000
1751,3366.180500
1752,3371.011650
1753,3370.145870
1754,3370.681600
1755,3370.358420
1756,3380.940110
1757,3370.520220
1758,3355.499830
1759,3357.358610
1760,3354.069120
1761,3353.976350
1762,3362.436300
1763,3363.197410
1764,3362.936560
1765,3358.646760
1766,3356.773050
1767,3336.900200
1768,3346.167660
1769,3351.463970
1770,3334.167130
1771,3327.147580
1772,3351.900410
1773,3336.000320
1774,3335.706400
1775,3348.133900
1776,3344.212590
1777,3340.596150
1778,3330.243290
1779,3349.569590
1780,3343.878640
1781,3338.183760
1782,3332.566090
1783,3325.662200
1784,3336.366740
1785,3322.165220
1786,3317.455960
1787,3311.865890
1788,3322.188910
1789,3313.712760
1790,3318.468920
1791,3324.218570
1792,3321.969450
1793,3303.638600
1794,3316.269060
1795,3312.777620
1796,3309.037390
1797,3299.574220
1798,3303.335320
1799,3306.715250
1800,3297.510020
1801,3301.343980
1802,3299.272780
1803,3299.996510
1804,3300.984390
1805,3295.029170
1806,3288.938240
1807,3295.385210
1808,3280.719980
1809,3298.426970
1810,3290.599180
1811,3275.444940
1812,3275.380780
1813,3278.005550
1814,3272.242360
1815,3273.044470
1816,3279.046410
1817,3274.505020
1818,3279.734180
1819,3272.459390
1820,3278.006680
1821,3273.596770
1822,3268.926010
1823,3268.105220
1824,3258.944050
1825,3273.146870
1826,3261.608600
1827,3253.907120
1828,3258.300510
1829,3274.140490
1830,3263.289610
1831,3252.537720
1832,3259.790910
1833,3246.074100
1834,3245.407470
1835,3248.419270
1836,3246.424500
1837,3253.428310
1838,3245.144280
1839,3238.211120
1840,3259.555340
1841,3253.629280
1842,3239.293110
1843,3247.031280
1844,3247.812340
1845,3234.216610
1846,3233.844320
1847,3227.713280
1848,3223.659980
1849,3217.786270
1850,3216.068810
1851,3217.126130
1852,3224.853060
1853,3205.898190
1854,3227.030370
1855,3200.535810
1856,3229.833170
1857,3228.581720
1858,3221.643800
1859,3214.745450
1860,3205.986680
1861,3204.826830
1862,3209.541690
1863,3213.690000
1864,3202.938940
1865,3199.502020
1866,3204.964460
1867,3210.776850
1868,3198.038080
1869,3214.958370
1870,3199.271660
1871,3189.872950
1872,3197.845320
1873,3183.701810
1874,3184.564930
1875,3188.577930
1876,3194.365410
1877,3176.074520
1878,3188.245620
1879,3184.567020
1880,3191.675400
1881,3182.099720
1882,3181.574240
1883,3173.148530
1884,3162.714100
1885,3165.027100
1886,3170.219840
1887,3169.586230
1888,3166.368190
1889,3178.690960
1890,3163.265500
1891,3172.877980
1892,3148.965190
1893,3150.846420
1894,3171.018310
1895,3159.497420
1896,3156.826560
1897,3158.297840
1898,3160.706650
1899,3159.741970
1900,3155.169890
1901,3163.990480
1902,3155.693240
1903,3143.386180
1904,3126.494860
1905,3144.235020
1906,3160.514320
1907,3139.372770
1908,3131.793410
1909,3134.528860
1910,3131.999200
1911,3135.704600
1912,3135.391250
1913,3122.815350
1914,3138.439090
1915,3124.797140
1916,3132.152160
1917,3118.015700
1918,3115.447160
1919,3130.819610
1920,3132.593980
1921,3114.625460
1922,3117.486260
1923,3119.071990
1924,3108.709110
1925,3107.702040
1926,3112.484550
1927,3112.787990
1928,3100.883510
1929,3108.299150
1930,3108.474210
1931,3111.515990
1932,3111.381200
1933,3106.610590
1934,3108.822500
1935,3089.744160
1936,3102.359780
1937,3086.937230
1938,3082.237240
1939,3087.940390
1940,3097.099880
1941,3089.443290
1942,3091.173590
1943,3100.633240
1944,3088.183550
1945,3085.285930
1946,3074.231890
1947,3073.213270
1948,3061.636410
1949,3066.991980
1950,3077.424070
1951,3074.482770
1952,3075.451470
1953,3063.036350
1954,3068.419680
1955,3069.872110
1956,3060.077930
1957,3060.255060
1958,3062.790270
1959,3064.039230
1960,3053.129440
1961,3072.975790
1962,3060.302030
1963,3054.705170
1964,3049.627050
1965,3055.443580
1966,3037.158750
1967,3056.302770
1968,3039.875490
1969,3041.326670
1970,3055.180700
1971,3064.864920
1972,3051.605270
1973,3033.981960
1974,3043.044560
1975,3046.552390
1976,3037.396010
1977,3020.789930
1978,3039.319740
1979,3030.315810
1980,3032.447640
1981,3019.546680
1982,3018.276850
1983,3023.258370
1984,3020.582190
1985,3032.306910
1986,3017.271710
1987,3014.483000
1988,3011.023160
1989,3020.212910
1990,3018.700750
1991,3015.211320
1992,3023.176710
1993,3016.449880
1994,3010.583140
1995,3002.075040
1996,3015.097090
1997,3006.646940
1998,3005.682030
1999,2993.533220
2000,3018.885720
2001,2999.229670
2002,3001.138840
2003,2991.195510
2004,3001.060640
2005,2992.682120
2006,3000.615920
2007,2985.727420
2008,2988.661890
2009,2985.332860
2010,2986.130490
2011,2993.381550
2012,2981.117420
2013,2986.355560
2014,2985.086610
2015,2993.887750
2016,2979.861760
2017,2973.352610
2018,2971.731200
2019,2981.517140
2020,2973.986830
2021,2957.384440
2022,2966.641480
2023,2956.693810
2024,2961.865150
2025,2954.480030
2026,2966.741460
2027,2970.580030
2028,2971.720760
2029,2957.879330
2030,2953.549960
2031,2941.959870
2032,2953.804230
2033,2960.463190
2034,2950.160750
2035,2962.956180
2036,2958.149730
2037,2944.163700
2038,2945.881220
2039,2943.724160
2040,2948.269490
2041,2942.702410
2042,2942.784590
2043,2943.700480
2044,2940.622020
2045,2932.272620
2046,2932.757120
2047,2932.947390
2048,2928.949940
2049,2913.249640
2050,2923.275030
2051,2949.750890
2052,2920.740710
2053,2925.116810
2054,2914.429310
2055,2923.212840
2056,2920.440200
2057,2914.543170
2058,2925.139980
2059,2910.351790
2060,2901.222650
2061,2902.324840
2062,2901.565330
2063,2904.017650
2064,2904.430610
2065,2892.891030
2066,2895.153580
2067,2896.589820
2068,2902.625460
2069,2887.122360
2070,2897.441000
2071,2892.905580
2072,2895.622470
2073,2894.902950
2074,2883.836910
2075,2897.527270
2076,2881.558950
2077,2887.398640
2078,2882.089870
2079,2875.144050
2080,2882.703560
2081,2869.255430
2082,2879.165740
2083,2881.730970
2084,2867.373310
2085,2861.286810
2086,2863.787410
2087,2881.208380
2088,2864.803430
2089,2865.983570
2090,2862.832450
2091,2869.753140
2092,2865.624930
2093,2855.342610
2094,2861.348210
2095,2869.331890
2096,2857.601740
2097,2856.048640
2098,2863.141380
2099,2851.253020
2100,2838.756940
2101,2845.241730
2102,2851.987330
2103,2851.093690
2104,2839.736440
2105,2842.902960
2106,2848.595230
2107,2844.943750
2108,2820.252640
2109,2844.448170
2110,2839.256020
2111,2839.232890
2112,2827.977780
2113,2832.402500
2114,2834.634720
2115,2831.720380
2116,2831.952040
2117,2827.920580
2118,2827.479790
2119,2816.648050
2120,2821.212480
2121,2817.113740
2122,2810.151820
2123,2819.574920
2124,2810.977370
2125,2807.040280
2126,2814.322040
2127,2804.385070
2128,2816.547780
2129,2818.096910
2130,2802.539310
2131,2809.764630
2132,2808.971820
2133,2805.172170
2134,2798.982080
2135,2795.178350
2136,2793.182670
2137,2805.408740
2138,2788.075660
2139,2795.892650
2140,2784.828010
2141,2781.471860
2142,2807.474570
2143,2788.683100
2144,2793.184190
2145,2770.556700
2146,2783.190700
2147,2778.767410
2148,2779.847660
2149,2776.963200
2150,2762.718080
2151,2772.404610
2152,2770.309350
2153,2769.870290
2154,2770.378140
2155,2771.377590
2156,2778.156630
2157,2765.557280
2158,2758.206340
2159,2758.670850
2160,2762.245220
2161,2754.217850
2162,2753.023250
2163,2750.079570
2164,2762.158450
2165,2742.879380
2166,2748.178790
2167,2749.970860
2168,2754.394110
2169,2746.188610
2170,2741.633560
2171,2744.575460
2172,2748.278390
2173,2750.775160
2174,2739.908970
2175,2731.361460
2176,2740.333770
2177,2726.594890
2178,2736.829130
2179,2725.418970
2180,2721.341980
2181,2726.828250
2182,2718.875530
2183,2724.925070
2184,2734.338900
2185,2731.224600
2186,2712.008070
2187,2715.886820
2188,2711.379090
2189,2729.498200
2190,2711.311260
2191,2725.859880
2192,2720.768460
2193,2716.255580
2194,2710.617180
2195,2700.983280
2196,2701.154670
2197,2701.006340
2198,2698.974980
2199,2708.250050
2200,2705.293480
2201,2702.673770
2202,2700.393430
2203,2698.882310
2204,2690.986950
2205,2683.478570
2206,2694.766170
2207,2685.596040
2208,2686.726680
2209,2688.615740
2210,2676.242530
2211,2699.769160
2212,2688.470950
2213,2691.455270
2214,2673.108230
2215,2676.327160
2216,2680.543280
2217,2681.218910
2218,2675.898740
2219,2681.392590
2220,2664.043850
2221,2676.618210
2222,2667.021170
2223,2665.434900
2224,2677.958790
2225,2663.432700
2226,2659.006720
2227,2661.360930
2228,2668.759200
2229,2652.851310
2230,2661.421150
2231,2659.248340
2232,2663.109040
2233,2655.188840
2234,2661.401700
2235,2656.401330
2236,2652.623700
2237,2630.591560
2238,2638.420710
2239,2645.887480
2240,2648.091070
2241,2634.328100
2242,2641.074190
2243,2637.149800
2244,2638.527200
2245,2614.620020
2246,2618.616130
2247,2637.216470
2248,2631.912650
2249,2639.168960
2250,2622.278340
2251,2617.726410
2252,2621.215780
2253,2620.881110
2254,2617.464450
2255,2611.297240
2256,2618.434860
2257,2608.917560
2258,2612.661300
2259,2631.020210
2260,2604.606110
2261,2607.630910
2262,2613.083660
2263,2600.055630
2264,2601.818300
2265,2607.506090
2266,2603.043130
2267,2599.417580
2268,2605.362190
2269,2604.157760
2270,2595.834460
2271,2596.638530
2272,2598.156500
2273,2591.996120
2274,2590.958320
2275,2580.849250
2276,2599.861890
2277,2581.016150
2278,2580.601990
2279,2584.476570
2280,2577.454430
2281,2573.460500
2282,2581.035790
2283,2576.153440
2284,2568.852540
2285,2568.099490
2286,2570.157940
2287,2567.511620
2288,2562.534720
2289,2574.343880
2290,2565.992430
2291,2564.823690
2292,2557.751950
2293,2559.027070
2294,2561.061160
2295,2555.381590
2296,2556.395870
2297,2568.208160
2298,2555.391390
2299,2554.370660
2300,2552.406980
2301,2549.553760
2302,2555.664150
2303,2545.733250
2304,2552.699420
2305,2546.109140
2306,2541.809800
2307,2525.729220
2308,2538.658000
2309,2534.039350
2310,2549.450390
2311,2537.851660
2312,2539.159320
2313,2528.164730
2314,2521.980650
2315,2528.944850
2316,2535.019130
2317,2528.785000
2318,2529.935500
2319,2520.048710
2320,2525.719520
2321,2516.356910
2322,2524.298190
2323,2507.313620
2324,2517.241790
2325,2515.134060
2326,2512.711050
2327,2517.177550
2328,2512.209990
2329,2503.939600
2330,2504.393400
2331,2497.397550
2332,2502.356680
2333,2496.607110
2334,2499.254540
2335,2500.283120
2336,2500.064090
2337,2494.933950
2338,2492.335050
2339,2492.706550
2340,2491.216610
2341,2480.747250
2342,2499.871990
2343,2482.337400
2344,2475.861140
2345,2478.035090
2346,2479.651210
2347,2478.234070
2348,2484.073410
2349,2472.967250
2350,2489.252530
2351,2465.449040
2352,2477.662570
2353,2467.654900
2354,2473.912640
2355,2481.944970
2356,2474.341960
2357,2458.523400
2358,2456.266100
2359,2450.398900
2360,2453.186490
2361,2455.144390
2362,2448.721690
2363,2458.684010
2364,2461.957480
2365,2455.188430
2366,2453.357890
2367,2454.313860
2368,2445.326800
2369,2436.827570
2370,2452.946860
2371,2444.130160
2372,2445.311550
2373,2431.719330
2374,2440.407260
2375,2444.403710
2376,2444.026770
2377,2437.310300
2378,2431.871540
2379,2440.759940
2380,2420.155550
2381,2429.325960
2382,2439.932920
2383,2427.756810
2384,2428.119600
2385,2428.220770
2386,2426.707140
2387,2417.855700
2388,2420.028780
2389,2416.019150
2390,2414.364690
2391,2418.372670
2392,2405.309140
2393,2406.015180
2394,2414.826040
2395,2406.868380
2396,2401.730490
2397,2410.962020
2398,2400.099890
2399,2401.854300
2400,2407.603910
2401,2409.652050
2402,2399.222640
2403,2401.079440
2404,2395.645840
2405,2391.101280
2406,2390.965930
2407,2389.475970
2408,2384.520380
2409,2401.618440
2410,2382.678390
2411,2386.088980
2412,2371.783440
2413,2383.457270
2414,2374.972330
2415,2373.170720
2416,2377.821110
2417,2367.601610
2418,2369.198880
2419,2382.416360
2420,2371.526130
2421,2381.709590
2422,2375.192050
2423,2368.204820
2424,2363.726430
2425,2377.392490
2426,2365.359990
2427,2373.159280
2428,2358.368730
2429,2355.039360
2430,2354.780010
2431,2352.904350
2432,2353.198360
2433,2356.605460
2434,2346.822040
2435,2349.317210
2436,2342.476030
2437,2345.302580
2438,2341.489850
2439,2337.325420
2440,2342.724590
2441,2350.743530
2442,2337.127350
2443,2332.548470
2444,2344.871600
2445,2342.151610
2446,2326.103110
2447,2332.077700
2448,2338.723000
2449,2325.453720
2450,2332.259480
2451,2317.147320
2452,2322.155350
2453,2319.456220
2454,2315.294010
2455,2325.748400
2456,2307.516310
2457,2312.002560
2458,2295.619710
2459,2313.460870
2460,2308.959000
2461,2317.784190
2462,2314.172180
2463,2307.212790
2464,2314.660020
2465,2302.827800
2466,2301.609430
2467,2299.934490
2468,2294.818310
2469,2301.682030
2470,2295.873590
2471,2288.867160
2472,2302.308690
2473,2295.137070
2474,2293.686980
2475,2286.275690
2476,2285.329910
2477,2296.393250
2478,2287.599270
2479,2284.990200
2480,2281.531580
2481,2285.600360
2482,2281.664730
2483,2277.484850
2484,2273.180840
2485,2262.263800
2486,2265.872330
2487,2266.696690
2488,2262.757820
2489,2269.741000
2490,2270.682680
2491,2264.708740
2492,2264.679340
2493,2272.031820
2494,2268.409080
2495,2260.064150
2496,2253.080690
2497,2254.591150
2498,2251.585290
2499,2250.879710
2500,2254.966750
2501,2249.812230
2502,2246.658200
2503,2245.644570
2504,2248.457380
2505,2240.239280
2506,2243.566720
2507,2243.945230
2508,2248.044300
2509,2245.656320
2510,2236.845260
2511,2239.361080
2512,2220.596690
2513,2235.255270
2514,2236.007240
2515,2226.752330
2516,2220.934920
2517,2229.180590
2518,2222.151410
2519,2229.195180
2520,2219.462340
2521,2206.305790
2522,2222.156390
2523,2214.490200
2524,2210.614800
2525,2217.595090
2526,2208.935840
2527,2209.900700
2528,2206.181610
2529,2203.632280
2530,2212.192580
2531,2199.493970
2532,2205.861770
2533,2191.085040
2534,2211.091280
2535,2197.320610
2536,2194.709830
2537,2188.139060
2538,2198.327920
2539,2195.301890
2540,2194.973230
2541,2189.395530
2542,2194.999370
2543,2190.814150
2544,2190.359200
2545,2186.453250
2546,2183.952040
2547,2174.513750
2548,2181.958980
2549,2177.007230
2550,2172.761710
2551,2175.836200
2552,2169.987810
2553,2171.396000
2554,2174.084280
2555,2176.545550
2556,2176.770840
2557,2168.544870
2558,2162.692760
2559,2168.914380
2560,2145.701380
2561,2159.378050
2562,2160.979310
2563,2164.831500
2564,2153.876100
2565,2145.392640
2566,2157.789650
2567,2154.373150
2568,2142.933620
2569,2148.950310
2570,2147.379180
2571,2137.350760
2572,2144.528360
2573,2142.482280
2574,2139.183930
2575,2132.765720
2576,2143.863810
2577,2131.044410
2578,2123.146930
2579,2140.114320
2580,2125.012720
2581,2132.857700
2582,2128.265610
2583,2131.947380
2584,2134.733400
2585,2121.307010
2586,2120.759280
2587,2118.887930
2588,2124.033510
2589,2116.858030
2590,2117.373440
2591,2109.984930
2592,2113.765500
2593,2110.991600
2594,2109.149490
2595,2115.901850
2596,2107.017190
2597,2096.683060
2598,2101.621850
2599,2106.731760
2600,2101.808010
2601,2097.302180
2602,2094.871230
2603,2100.369740
2604,2088.528710
2605,2092.415410
2606,2088.526070
2607,2090.243980
2608,2087.509890
2609,2091.654670
2610,2083.774120
2611,2087.843680
2612,2093.051200
2613,2087.716810
2614,2082.342930
2615,2071.824550
2616,2077.925530
2617,2081.512850
2618,2079.002570
2619,2069.586230
2620,2066.955120
2621,2071.345830
2622,2067.556410
2623,2066.802870
2624,2075.829190
2625,2065.287850
2626,2057.676540
2627,2065.980210
2628,2056.775870
2629,2062.559910
2630,2053.363280
2631,2053.739280
2632,2053.936400
2633,2063.672740
2634,2044.913810
2635,2055.964060
2636,2051.853010
2637,2051.456570
2638,2038.245760
2639,2040.380080
2640,2039.174740
2641,2038.221410
2642,2041.395520
2643,2034.572050
2644,2038.477140
2645,2033.149290
2646,2024.442870
2647,2027.482990
2648,2037.162650
2649,2024.844960
2650,2024.789300
2651,2024.586800
2652,2018.004930
2653,2022.534660
2654,2016.300460
2655,2027.545550
2656,2018.597860
2657,2009.936100
2658,2012.190010
2659,2013.537880
2660,2010.457530
2661,2019.791430
2662,2007.153060
2663,2003.637920
2664,2006.019630
2665,2000.403660
2666,2001.322090
2667,1993.041440
2668,2010.264720
2669,1997.802300
2670,1988.555450
2671,1996.519740
2672,1995.252110
2673,1991.138780
2674,1992.401160
2675,1984.086930
2676,1979.538980
2677,1974.593790
2678,1983.826230
2679,1980.712470
2680,1979.028050
2681,1978.655740
2682,1981.099810
2683,1968.843500
2684,1966.494550
2685,1969.857170
2686,1966.363540
2687,1967.812160
2688,1965.703160
2689,1965.863040
2690,1968.914450
2691,1962.895300
2692,1960.622550
2693,1966.343540
2694,1955.197010
2695,1964.647580
2696,1955.437810
2697,1962.900720
2698,1954.149370
2699,1950.437810
2700,1947.254320
2701,1951.426740
2702,1948.762250
2703,1944.154450
2704,1945.686040
2705,1950.669610
2706,1951.413830
2707,1941.658170
2708,1942.161930
2709,1938.851570
2710,1930.005360
2711,1935.430660
2712,1929.990270
2713,1932.674920
2714,1931.790450
2715,1932.618630
2716,1936.469860
2717,1933.949130
2718,1927.760690
2719,1922.156380
2720,1918.565770
2721,1916.636590
2722,1916.011370
2723,1913.241020
2724,1921.359690
2725,1918.725880
2726,1921.721330
2727,1909.825990
2728,1907.754290
2729,1914.279330
2730,1910.794360
2731,1903.026400
2732,1899.605730
2733,1902.215350
2734,1901.878160
2735,1899.165060
2736,1903.662520
2737,1908.424060
2738,1899.795280
2739,1892.319090
2740,1889.104280
2741,1888.879170
2742,1893.303610
2743,1884.803010
2744,1884.867210
2745,1881.095170
2746,1883.967660
2747,1883.789440
2748,1880.824170
2749,1872.516480
2750,1879.562860
2751,1878.631210
2752,1871.322110
2753,1867.084340
2754,1873.228140
2755,1870.470310
2756,1865.119880
2757,1868.535990
2758,1865.277780
2759,1862.959520
2760,1863.290940
2761,1857.347320
2762,1870.440040
2763,1855.041650
2764,1853.843530
2765,1853.068700
2766,1860.761560
2767,1849.897210
2768,1845.514610
2769,1853.720110
2770,1840.792760
2771,1843.522670
2772,1847.073960
2773,1836.473540
2774,1842.610720
2775,1827.921050
2776,1833.229130
2777,1840.900650
2778,1823.287400
2779,1838.238980
2780,1834.650900
2781,1825.689270
2782,1830.843680
2783,1828.115940
2784,1829.116150
2785,1822.562560
2786,1818.719530
2787,1820.042680
2788,1819.962230
2789,1821.001370
2790,1833.194000
2791,1812.388550
2792,1813.320070
2793,1814.781780
2794,1805.385440
2795,1805.133760
2796,1804.328240
2797,1811.341280
2798,1796.942800
2799,1803.790260
2800,1802.575950
2801,1798.005580
2802,1794.185340
2803,1801.218430
2804,1790.828270
2805,1788.115540
2806,1793.849200
2807,1792.383110
2808,1787.779720
2809,1789.836150
2810,1788.762390
2811,1784.790870
2812,1785.949130
2813,1786.153890
2814,1779.677050
2815,1784.163490
2816,1780.951540
2817,1771.979630
2818,1772.595880
2819,1776.643810
2820,1776.130260
2821,1765.667630
2822,1767.781450
2823,1771.738400
2824,1760.290140
2825,1764.838470
2826,1768.327260
2827,1766.755950
2828,1755.976940
2829,1760.977730
2830,1758.662610
2831,1759.813410
2832,1747.114130
2833,1754.787520
2834,1741.147670
2835,1746.962740
2836,1751.416740
2837,1745.650820
2838,1744.031910
2839,1734.588330
2840,1737.509050
2841,1738.473950
2842,1733.418840
2843,1740.213770
2844,1734.520570
2845,1735.118360
2846,1728.423640
2847,1735.991590
2848,1725.652110
2849,1732.529130
2850,1726.003340
2851,1717.320720
2852,1719.173970
2853,1715.096230
2854,1712.951440
2855,1723.123730
2856,1715.031160
2857,1712.374590
2858,1715.794910
2859,1716.831760
2860,1704.878080
2861,1707.225100
2862,1710.807840
2863,1707.588570
2864,1704.699100
2865,1702.371550
2866,1698.324950
2867,1701.689980
2868,1702.608570
2869,1702.610260
2870,1703.643130
2871,1692.737260
2872,1689.825240
2873,1692.094190
2874,1687.229420
2875,1687.618210
2876,1683.608080
2877,1684.762890
2878,1684.029720
2879,1679.726790
2880,1677.586870
2881,1678.322070
2882,1671.021820
2883,1679.599750
2884,1677.808690
2885,1679.939490
2886,1674.626210
2887,1667.033490
2888,1663.305900
2889,1671.753270
2890,1667.452080
2891,1653.202800
2892,1666.931310
2893,1662.130280
2894,1659.257510
2895,1665.783430
2896,1652.562110
2897,1654.882170
2898,1652.704920
2899,1647.110420
2900,1658.492700
2901,1647.434490
2902,1651.476750
2903,1653.773870
2904,1646.004050
2905,1650.631850
2906,1649.417700
2907,1636.808810
2908,1641.053070
2909,1642.525170
2910,1632.590320
2911,1638.178280
2912,1631.358070
2913,1632.346230
2914,1633.387680
2915,1630.938860
2916,1624.584570
2917,1628.330630
2918,1622.739470
2919,1619.526920
2920,1616.777830
2921,1618.108050
2922,1622.085280
2923,1617.409950
2924,1619.974070
2925,1616.338000
2926,1617.325540
2927,1611.371660
2928,1606.218560
2929,1606.870820
2930,1608.779680
2931,1607.587620
2932,1603.364250
2933,1602.039770
2934,1598.201860
2935,1604.709590
2936,1598.099330
2937,1594.687810
2938,1599.721230
2939,1591.328840
2940,1584.871130
2941,1593.027730
2942,1587.442620
2943,1587.830650
2944,1587.820940
2945,1581.429750
2946,1581.180560
2947,1575.392740
2948,1577.181840
2949,1578.456560
2950,1574.358260
2951,1573.863980
2952,1570.282470
2953,1570.508690
2954,1569.172040
2955,1565.494780
2956,1565.800760
2957,1562.246900
2958,1562.809910
2959,1561.650000
2960,1557.025730
2961,1555.693600
2962,1553.044360
2963,1560.552600
2964,1551.733040
2965,1551.271850
2966,1551.915010
2967,1546.995200
2968,1553.130840
2969,1540.730570
2970,1546.067320
2971,1553.010780
2972,1543.744460
2973,1539.712670
2974,1537.774150
2975,1542.267290
2976,1534.273010
2977,1533.598210
2978,1534.456440
2979,1531.329280
2980,1533.038910
2981,1531.229750
2982,1524.760370
2983,1528.490780
2984,1525.457850
2985,1523.509730
2986,1522.422560
2987,1513.623350
2988,1518.895230
2989,1521.221730
2990,1519.214410
2991,1507.022100
2992,1508.676100
2993,1518.796510
2994,1509.530460
2995,1510.450760
2996,1512.826800
2997,1501.476250
2998,1504.808460
2999,1498.530880
3000,1495.689600
3001,1496.986620
3002,1498.746920
3003,1492.146880
3004,1493.688920
3005,1487.493520
3006,1495.960550
3007,1487.536810
3008,1488.496220
3009,1489.559550
3010,1482.183040
3011,1484.066580
3012,1486.469920
3013,1477.308920
3014,1482.070680
3015,1474.076600
3016,1476.042020
3017,1473.120840
3018,1475.215130
3019,1472.625520
3020,1468.154720
3021,1470.546880
3022,1469.315810
3023,1468.929860
3024,1461.475390
3025,1471.018250
3026,1459.224290
3027,1462.256740
3028,1460.888630
3029,1462.117010
3030,1453.282350
3031,1460.523160
3032,1458.927910
3033,1450.074010
3034,1451.995600
3035,1442.234690
3036,1443.358620
3037,1444.198630
3038,1442.328510
3039,1441.031760
3040,1440.047380
3041,1444.114320
3042,1437.047250
3043,1434.605350
3044,1437.700860
3045,1432.205480
3046,1428.619850
3047,1443.186910
3048,1427.260600
3049,1420.811330
3050,1429.534810
3051,1429.994130
3052,1423.210990
3053,1424.915070
3054,1422.821200
3055,1421.463830
3056,1416.278650
3057,1413.533190
3058,1418.118000
3059,1418.629610
3060,1411.902070
3061,1409.543950
3062,1407.582550
3063,1406.600490
3064,1407.755180
3065,1406.533610
3066,1404.779060
3067,1397.410980
3068,1400.424750
3069,1395.397450
3070,1395.748380
3071,1402.071740
3072,1385.162450
3073,1396.186450
3074,1391.011930
3075,1382.353500
3076,1387.219250
3077,1384.909170
3078,1385.450780
3079,1384.598830
3080,1378.670270
3081,1380.980990
3082,1378.600580
3083,1376.946350
3084,1376.117540
3085,1376.788800
3086,1371.492690
3087,1368.945440
3088,1374.050100
3089,1365.409000
3090,1363.846610
3091,1367.166080
3092,1371.382810
3093,1357.080220
3094,1363.828100
3095,1362.687600
3096,1356.984100
3097,1352.916770
3098,1354.807740
3099,1349.558310
3100,1350.855510
3101,1350.444710
3102,1346.729850
3103,1347.387440
3104,1338.384810
3105,1347.916980
3106,1339.839720
3107,1335.177050
3108,1339.875080
3109,1336.011680
3110,1337.796990
3111,1333.530050
3112,1332.730030
3113,1332.978530
3114,1328.924210
3115,1329.043950
3116,1330.825790
3117,1325.109120
3118,1322.480540
3119,1321.088790
3120,1316.802540
3121,1326.559410
3122,1323.846290
3123,1316.434750
3124,1313.343710
3125,1313.539270
3126,1315.546930
3127,1307.512300
3128,1313.751090
3129,1312.743050
3130,1306.395560
3131,1304.903030
3132,1304.592690
3133,1302.549580
3134,1299.991790
3135,1297.807710
3136,1296.514930
3137,1297.074050
3138,1299.554830
3139,1287.456320
3140,1292.343470
3141,1289.900130
3142,1289.232850
3143,1286.405440
3144,1286.598740
3145,1285.506120
3146,1280.810500
3147,1281.215080
3148,1282.101710
3149,1279.304870
3150,1272.576100
3151,1283.114660
3152,1271.489870
3153,1267.433010
3154,1263.175240
3155,1272.197970
3156,1269.188460
3157,1261.756770
3158,1267.526850
3159,1262.865390
3160,1264.111680
3161,1256.308490
3162,1261.334290
3163,1256.776740
3164,1257.023690
3165,1249.440170
3166,1252.544460
3167,1251.852910
3168,1250.658380
3169,1245.825490
3170,1245.827730
3171,1247.223510
3172,1239.803950
3173,1234.007680
3174,1238.804770
3175,1239.404740
3176,1238.221650
3177,1234.525270
3178,1236.234780
3179,1233.287700
3180,1231.187610
3181,1233.370900
3182,1228.007780
3183,1228.994810
3184,1228.890820
3185,1222.936990
3186,1229.317050
3187,1217.403390
3188,1214.049260
3189,1219.309270
3190,1218.726280
3191,1219.585040
3192,1217.853860
3193,1210.998700
3194,1214.603280
3195,1207.846460
3196,1205.376610
3197,1206.112290
3198,1204.034080
3199,1198.207700
3200,1202.616070
3201,1199.446460
3202,1195.316660
3203,1195.540230
3204,1197.712820
3205,1197.630430
3206,1191.431800
3207,1189.586850
3208,1190.466050
3209,1187.570800
3210,1183.991280
3211,1185.368930
3212,1182.526760
3213,1186.185860
3214,1177.965950
3215,1175.760750
3216,1175.556010
3217,1173.803780
3218,1174.498520
3219,1170.448110
3220,1172.252450
3221,1170.309460
3222,1168.431250
3223,1166.806790
3224,1165.646060
3225,1167.251580
3226,1162.018750
3227,1160.264860
3228,1159.644660
3229,1156.785430
3230,1155.704070
3231,1157.105100
3232,1154.321140
3233,1148.427240
3234,1141.142810
3235,1151.243730
3236,1149.852510
3237,1144.863390
3238,1143.664280
3239,1145.425130
3240,1134.814730
3241,1136.098770
3242,1136.696320
3243,1136.255430
3244,1132.541690
3245,1129.458030
3246,1135.265950
3247,1130.704940
3248,1123.549350
3249,1125.857000
3250,1121.657000
3251,1125.533800
3252,1123.079120
3253,1124.140200
3254,1123.176620
3255,1120.034710
3256,1117.692520
3257,1112.284090
3258,1111.171900
3259,1110.692360
3260,1110.109270
3261,1112.266800
3262,1108.431630
3263,1109.554380
3264,1102.305620
3265,1109.438270
3266,1104.559430
3267,1099.520970
3268,1102.081840
3269,1096.853510
3270,1091.688900
3271,1093.244080
3272,1093.243990
3273,1093.443230
3274,1093.987360
3275,1092.767110
3276,1084.445130
3277,1081.596930
3278,1086.685910
3279,1085.006020
3280,1081.043830
3281,1081.949060
3282,1075.427130
3283,1077.017160
3284,1080.610350
3285,1072.570170
3286,1075.426610
3287,1068.692900
3288,1068.148320
3289,1070.903560
3290,1069.423770
3291,1065.440330
3292,1061.717620
3293,1063.666760
3294,1064.045500
3295,1057.770280
3296,1058.118800
3297,1054.930290
3298,1055.351280
3299,1053.865110
3300,1051.318900
3301,1045.158540
3302,1046.681800
3303,1047.391960
3304,1044.506310
3305,1041.987590
3306,1041.190960
3307,1038.584120
3308,1038.548860
3309,1037.037360
3310,1034.956290
3311,1038.332460
3312,1034.786470
3313,1029.743970
3314,1031.834730
3315,1029.361400
3316,1030.636530
3317,1026.681880
3318,1026.888790
3319,1021.335720
3320,1022.736150
3321,1020.297820
3322,1017.538210
3323,1016.718290
3324,1015.174250
3325,1017.717120
3326,1013.515500
3327,1011.698700
3328,1006.883590
3329,1004.460770
3330,1007.484220
3331,1000.010010
3332,996.715330
3333,1002.176220
3334,1002.521880
3335,995.323190
3336,1002.255510
3337,990.793220
3338,990.544110
3339,994.695580
3340,990.228410
3341,992.968370
3342,989.807000
3343,986.315820
3344,985.601500
3345,984.048330
3346,978.932340
3347,978.831020
3348,982.201400
3349,983.780760
3350,976.899230
3351,974.219100
3352,976.487240
3353,967.800050
3354,968.198030
3355,968.715130
3356,965.589890
3357,967.164730
3358,967.202550
3359,962.256120
3360,959.310680
3361,958.191840
3362,957.339690
3363,959.283920
3364,957.647700
3365,954.665370
3366,953.915760
3367,954.069370
3368,946.227540
3369,951.938770
3370,946.488350
3371,946.326310
3372,942.028630
3373,940.543280
3374,938.069910
3375,939.894100
3376,937.218900
3377,932.638790
3378,935.870640
3379,934.087590
3380,929.943830
3381,927.638890
3382,925.266400
3383,927.075230
3384,927.643190
3385,924.553150
3386,920.076090
3387,921.914850
3388,920.408460
3389,917.277040
3390,917.246420
3391,918.980280
3392,914.652630
3393,912.130910
3394,906.562390
3395,908.679680
3396,905.993480
3397,908.919430
3398,905.639220
3399,903.544840
3400,903.268310
3401,898.316740
3402,895.235190
3403,894.364910
3404,895.077270
3405,890.551820
3406,889.503130
3407,887.152820
3408,888.057380
3409,890.106230
3410,887.278080
3411,882.586900
3412,881.847840
3413,880.826350
3414,881.795390
3415,877.062690
3416,877.936150
3417,873.742340
3418,877.291500
3419,871.211380
3420,869.084070
3421,869.280190
3422,869.223600
3423,869.521470
3424,867.814230
3425,864.516200
3426,860.302240
3427,859.030780
3428,857.370500
3429,859.732790
3430,855.229440
3431,853.823310
3432,851.626370
3433,849.686020
3434,852.170700
3435,849.292120
3436,845.004260
3437,847.124040
3438,846.452720
3439,843.268780
3440,844.196070
3441,838.710020
3442,835.745680
3443,835.127580
3444,833.832370
3445,832.728160
3446,832.375640
3447,832.890650
3448,828.005570
3449,828.875470
3450,827.517410
3451,823.675040
3452,825.938580
3453,818.614710
3454,820.347030
3455,817.604470
3456,814.967710
3457,816.980210
3458,811.566410
3459,811.584960
3460,812.726080
3461,811.031260
3462,807.131440
3463,806.376940
3464,805.308880
3465,807.774250
3466,803.013490
3467,801.896080
3468,800.338280
3469,798.781460
3470,794.822200
3471,796.720030
3472,794.917090
3473,791.276440
3474,789.415620
3475,789.688270
3476,784.801260
3477,786.703970
3478,782.419020
3479,780.207030
3480,780.377500
3481,780.545070
3482,777.334000
3483,777.613240
3484,772.429080
3485,771.286980
3486,772.549490
3487,769.818960
3488,768.659060
3489,768.722860
3490,766.752950
3491,764.679190
3492,761.583710
3493,760.021030
3494,760.402930
3495,758.025330
3496,756.124850
3497,755.558500
3498,752.599780
3499,754.470190
3500,753.508520
3501,748.856930
3502,749.494180
3503,748.454540
3504,746.741210
3505,745.028180
3506,746.302410
3507,741.282120
3508,739.606500
3509,735.901870
3510,737.521140
3511,734.278850
3512,733.816690
3513,734.784830
3514,729.533790
3515,730.599770
3516,727.815650
3517,724.117130
3518,723.713710
3519,721.034460
3520,723.121310
3521,720.999220
3522,715.788400
3523,717.162090
3524,715.025980
3525,716.105520
3526,712.408960
3527,710.924950
3528,709.803760
3529,707.410410
3530,705.199010
3531,705.781680
3532,703.058970
3533,702.737370
3534,699.112900
3535,697.547810
3536,700.961060
3537,694.663460
3538,698.646200
3539,692.591480
3540,692.189890
3541,692.504490
3542,689.347040
3543,686.322810
3544,685.532280
3545,685.422900
3546,682.798520
3547,680.051960
3548,678.492380
3549,677.296290
3550,674.529700
3551,674.633690
3552,674.023870
3553,670.534640
3554,669.377400
3555,668.107300
3556,666.908920
3557,666.165830
3558,663.067050
3559,664.840890
3560,659.859340
3561,659.426350
3562,655.882470
3563,656.340550
3564,658.501940
3565,655.712790
3566,651.505280
3567,650.636760
3568,648.927910
3569,648.435660
3570,647.616490
3571,643.779760
3572,643.600250
3573,641.220990
3574,640.584640
3575,636.768610
3576,637.918070
3577,637.586690
3578,634.903890
3579,632.101380
3580,633.237450
3581,630.036450
3582,627.945750
3583,628.877130
3584,626.629460
3585,623.639420
3586,622.747600
3587,622.356650
3588,618.550580
3589,617.351170
3590,614.731380
3591,615.170930
3592,615.073710
3593,612.608780
3594,613.841810
3595,609.355870
3596,607.677140
3597,605.379630
3598,603.552850
3599,602.981650
3600,603.293990
3601,601.556650
3602,598.603320
3603,596.192250
3604,593.288930
3605,593.958580
3606,591.242320
3607,589.634240
3608,588.377830
3609,588.808360
3610,585.604170
3611,586.213900
3612,582.029700
3613,580.757150
3614,578.677540
3615,578.128400
3616,576.389050
3617,575.976380
3618,575.343600
3619,573.147990
3620,569.694010
3621,572.626760
3622,569.396740
3623,567.889920
3624,566.370010
3625,562.871850
3626,561.946420
3627,561.187820
3628,558.202690
3629,553.846630
3630,558.290490
3631,554.233690
3632,551.785650
3633,552.993610
3634,551.160630
3635,546.023200
3636,547.522850
3637,545.790590
3638,544.747680
3639,546.582390
3640,541.264600
3641,538.256890
3642,536.430040
3643,537.677710
3644,536.023140
3645,533.422730
3646,532.510640
3647,530.731240
3648,528.047520
3649,528.312220
3650,526.590240
3651,524.227530
3652,522.819430
3653,520.851910
3654,519.718390
3655,519.436900
3656,516.413490
3657,516.489640
3658,512.816160
3659,511.891660
3660,511.225800
3661,510.959060
3662,508.279870
3663,506.817400
3664,506.307410
3665,501.000030
3666,502.460960
3667,501.198360
3668,498.592820
3669,498.599950
3670,494.585280
3671,495.303860
3672,492.721150
3673,491.786370
3674,489.843790
3675,489.299020
3676,489.736610
3677,484.346820
3678,484.562340
3679,484.428680
3680,481.413390
3681,478.641370
3682,477.013890
3683,475.461800
3684,476.509910
3685,472.363340
3686,474.393970
3687,468.667110
3688,468.683950
3689,467.200450
3690,467.090940
3691,464.288980
3692,463.836410
3693,460.521030
3694,461.169220
3695,459.001260
3696,456.302630
3697,455.801320
3698,454.649350
3699,454.091300
3700,452.262580
3701,449.332850
3702,448.739490
3703,446.983120
3704,446.760390
3705,444.424580
3706,442.638770
3707,441.705580
3708,438.897600
3709,438.173150
3710,437.315100
3711,433.833770
3712,433.130770
3713,430.431720
3714,428.924290
3715,429.255620
3716,428.084220
3717,426.251300
3718,424.875910
3719,422.408000
3720,422.152880
3721,419.842450
3722,418.148130
3723,416.288490
3724,415.327610
3725,414.564220
3726,412.198430
3727,408.261620
3728,410.474670
3729,408.363840
3730,406.643460
3731,403.851780
3732,403.419760
3733,403.475130
3734,399.994160
3735,398.742930
3736,397.885430
3737,395.988910
3738,394.435970
3739,393.209660
3740,391.842170
3741,390.753510
3742,387.486620
3743,388.221560
3744,385.641420
3745,384.169400
3746,383.616860
3747,380.726470
3748,379.043640
3749,377.887760
3750,377.160300
3751,375.470890
3752,373.517730
3753,370.237680
3754,370.317670
3755,368.646060
3756,367.169700
3757,365.570340
3758,366.382030
3759,362.102780
3760,360.936590
3761,360.286150
3762,359.183440
3763,357.008840
3764,354.449350
3765,354.002890
3766,352.033730
3767,350.904550
3768,348.495500
3769,348.692420
3770,346.334790
3771,344.111320
3772,342.613530
3773,342.038350
3774,342.230280
3775,337.343060
3776,338.198570
3777,336.043320
3778,334.704700
3779,332.286670
3780,331.327590
3781,328.543290
3782,328.680670
3783,325.372470
3784,325.718930
3785,323.496660
3786,322.035150
3787,320.049820
3788,319.645390
3789,318.590750
3790,315.991290
3791,314.905200
3792,314.026540
3793,311.036530
3794,310.197870
3795,308.152020
3796,307.855220
3797,304.963110
3798,304.322940
3799,303.024930
3800,301.189940
3801,299.432990
3802,298.086630
3803,296.664800
3804,295.133470
3805,294.251700
3806,293.268780
3807,291.725450
3808,289.681300
3809,287.553090
3810,286.014750
3811,285.499110
3812,283.580810
3813,282.638150
3814,281.001160
3815,278.518200
3816,277.823130
3817,275.801260
3818,274.401770
3819,273.595180
3820,272.087130
3821,270.492230
3822,268.421440
3823,266.618480
3824,265.410170
3825,264.925330
3826,262.689020
3827,260.529720
3828,258.762380
3829,257.755860
3830,256.329140
3831,254.177630
3832,253.540430
3833,251.451200
3834,249.788010
3835,249.519240
3836,248.010810
3837,246.006350
3838,243.630760
3839,243.073060
3840,241.319440
3841,240.146700
3842,239.888050
3843,236.247590
3844,235.628050
3845,232.927130
3846,232.357200
3847,231.310320
3848,230.225630
3849,227.426770
3850,226.801330
3851,225.249840
3852,223.341630
3853,222.165890
3854,220.332260
3855,218.832310
3856,216.755550
3857,215.871620
3858,215.127980
3859,212.130320
3860,211.758440
3861,210.282040
3862,208.905980
3863,207.004560
3864,205.461550
3865,203.410640
3866,203.066110
3867,200.843710
3868,199.655120
3869,198.084330
3870,197.162980
3871,195.294440
3872,193.447130
3873,192.221600
3874,190.474210
3875,189.461400
3876,187.045120
3877,186.568710
3878,183.728300
3879,182.665920
3880,181.666510
3881,179.923730
3882,178.252650
3883,176.760010
3884,175.712450
3885,173.447820
3886,172.158890
3887,170.842070
3888,169.627140
3889,168.095680
3890,167.000350
3891,165.175200
3892,163.297090
3893,161.988820
3894,159.815130
3895,159.003220
3896,157.805680
3897,155.195830
3898,154.308900
3899,152.587590
3900,151.473470
3901,150.113830
3902,148.374190
3903,146.219650
3904,145.612270
3905,144.180750
3906,142.371770
3907,140.929480
3908,139.252240
3909,137.221870
3910,136.443510
3911,134.783150
3912,133.638020
3913,132.143250
3914,130.467510
3915,128.319810
3916,127.459580
3917,125.918800
3918,124.277250
3919,123.352960
3920,121.191280
3921,119.966670
3922,117.886510
3923,116.770230
3924,115.495160
3925,114.135350
3926,112.705780
3927,111.066670
3928,109.439270
3929,107.817380
3930,106.381520
3931,104.817200
3932,102.965690
3933,102.027860
3934,100.584560
3935,99.335440
3936,97.720700
3937,95.642760
3938,94.069970
3939,92.556900
3940,91.769500
3941,89.769590
3942,88.396320
3943,87.261590
3944,85.188070
3945,83.453280
3946,82.196750
3947,80.860680
3948,79.471200
3949,77.640370
3950,76.254540
3951,75.131250
3952,73.629760
3953,71.935700
3954,70.573160
3955,68.957970
3956,67.421770
3957,66.069760
3958,64.459330
3959,62.902590
3960,61.561940
3961,59.867450
3962,58.471180
3963,56.747590
3964,55.349170
3965,54.042700
3966,52.405300
3967,51.084800
3968,49.256720
3969,47.827600
3970,46.584770
3971,45.006590
3972,43.217580
3973,41.778510
3974,40.514530
3975,38.834220
3976,37.503790
3977,35.799310
3978,34.428540
3979,32.897900
3980,31.353330
3981,30.068180
3982,28.557450
3983,26.997790
3984,25.396580
3985,23.909590
3986,22.471890
3987,21.030500
3988,19.566680
3989,18.003270
3990,16.478390
3991,14.968750
3992,13.516540
3993,11.983310
3994,10.524400
3995,9.009510
3996,7.507970
3997,5.991980
3998,4.489920
3999,2.996880
4000,1.000000
