R,T
1,1525.009240
2,779.393510
3,562.112990
4,471.783780
5,428.634860
6,405.249440
7,390.806820
8,380.792280
9,375.052220
10,370.562960
11,366.643730
12,362.097250
13,362.331700
14,358.530560
15,356.691570
16,355.021330
17,351.379730
18,350.796370
19,348.474170
20,349.838260
21,345.069390
22,343.889310
23,342.348220
24,340.056980
25,340.044290
26,338.206870
27,335.317900
28,335.117500
29,333.172000
30,331.208680
31,329.961820
32,328.555390
33,326.319650
34,325.496580
35,324.732000
36,322.346570
37,321.222240
38,318.483330
39,317.934980
40,316.818390
41,313.431860
42,313.437440
43,311.286160
44,312.209580
45,309.208980
46,306.016170
47,305.678110
48,304.238730
49,303.123850
50,302.534630
51,300.044960
52,298.618010
53,297.355980
54,294.704900
55,294.931680
56,291.596170
57,290.536810
58,288.025920
59,288.124410
60,285.726650
61,283.397240
62,282.700030
63,282.083220
64,280.547050
65,278.339890
66,277.829610
67,275.910430
68,274.076650
69,273.492980
70,271.883980
71,270.165130
72,267.829880
73,267.181420
74,265.056650
75,263.362490
76,261.986570
77,261.010890
78,259.542230
79,257.400590
80,255.929000
81,254.438560
82,254.070280
83,252.391210
84,249.725210
85,247.782510
86,247.314380
87,246.234160
88,244.796060
89,242.669890
90,240.503570
91,240.609420
92,239.018110
93,236.226230
94,235.059250
95,234.701860
96,233.702900
97,230.411180
98,229.610500
99,227.210250
100,227.238510
101,225.195250
102,223.520630
103,222.141740
104,220.491700
105,219.311650
106,216.909250
107,215.612530
108,213.498860
109,213.030370
110,212.064430
111,210.316480
112,208.594330
113,207.761050
114,205.384780
115,203.702550
116,202.451010
117,200.215380
118,198.586580
119,197.101270
120,196.382430
121,194.643250
122,193.957920
123,191.606390
124,190.078030
125,188.834100
126,187.091780
127,186.722350
128,184.720180
129,183.128950
130,181.777590
131,180.229950
132,178.118660
133,176.589270
134,175.570710
135,172.992860
136,172.059560
137,171.020040
138,168.330410
139,167.742000
140,165.985840
141,164.541340
142,163.505130
143,161.684060
144,160.197670
145,158.497660
146,157.919180
147,155.988330
148,153.939660
149,153.260790
150,151.313320
151,149.789400
152,148.981890
153,146.678170
154,145.315340
155,143.425400
156,142.323300
157,141.017330
158,139.084240
159,137.484920
160,136.425020
161,134.504030
162,133.937120
163,131.963760
164,131.033470
165,128.890920
166,126.900510
167,126.244550
168,124.034920
169,123.018220
170,121.561810
171,120.163930
172,118.571790
173,116.805150
174,115.095360
175,114.169820
176,112.731520
177,111.268110
178,109.545470
179,107.793620
180,106.294080
181,105.360950
182,103.930620
183,102.202710
184,100.119090
185,98.889650
186,97.291950
187,95.547390
188,94.195740
189,93.301890
190,91.226690
191,89.752700
192,88.101460
193,87.151420
194,85.482660
195,83.633900
196,82.224430
197,80.841230
198,79.162230
199,77.830990
200,76.311490
201,74.895720
202,73.752850
203,71.841830
204,70.381530
205,69.072960
206,67.357340
207,65.532410
208,64.467380
209,63.122160
210,61.571390
211,59.641700
212,58.305070
213,57.117480
214,55.365540
215,53.849860
216,52.502890
217,50.793690
218,49.488430
219,47.785780
220,46.595660
221,45.035990
222,43.476930
223,42.015830
224,40.447900
225,39.093060
226,37.568940
227,36.055320
228,34.365460
229,32.983530
230,31.488820
231,29.967850
232,28.514220
233,26.981920
234,25.502920
235,23.990940
236,22.486750
237,20.932090
238,19.548910
239,17.982540
240,16.444890
241,14.972570
242,13.493240
243,12.056070
244,10.508110
245,8.969640
246,7.491590
247,5.999400
248,4.493640
249,3.000850
250,1.000000
